#OTU ID	KO6	WT8	KO2	KO5	OE2	WT1	WT2	WT4	KO7	KO3	WT6	OE4	KO9	WT3	KO1	KO4	WT5	KO8	OE6	OE5	WT7	OE7	WT9	OE1	OE8	OE9	OE3
OTU_52	9	4	5	7	1	4	6	5	8	3	3	5	7	9	6	6	6	5	2	5	6	2	5	4	13	6	0
OTU_12	139	45	98	100	104	89	95	102	99	54	82	87	102	111	106	98	110	86	85	100	124	82	91	104	84	95	60
OTU_26	11	13	11	13	11	7	10	9	7	6	15	10	12	11	13	8	3	11	8	15	9	10	12	10	13	10	8
OTU_81	14	16	12	70	31	14	7	20	32	13	108	42	22	14	20	16	10	25	34	41	23	42	15	30	20	30	37
OTU_39	10	7	12	7	20	8	12	10	13	10	7	11	9	9	8	7	7	22	10	21	11	10	7	20	22	14	19
OTU_2	227	131	305	166	310	152	99	182	192	192	114	233	165	158	342	191	183	357	205	225	182	229	148	203	229	199	265
OTU_3	148	309	201	318	297	188	166	245	223	116	237	330	256	254	211	331	213	181	292	309	152	332	219	296	264	327	333
OTU_1	226	591	263	263	121	796	647	435	357	922	488	114	207	410	275	322	627	231	131	108	371	118	546	119	119	135	107
OTU_5	115	38	66	79	81	78	71	77	90	25	63	64	91	107	57	82	65	70	65	58	95	68	75	84	85	60	61
OTU_262	10	6	8	7	15	10	14	5	23	4	5	22	12	11	8	21	14	22	16	16	23	10	8	20	18	17	8
OTU_67	9	8	3	3	5	1	3	3	3	7	6	1	2	4	3	2	3	5	3	6	3	6	3	3	9	5	5
OTU_15	22	32	24	16	17	17	17	17	17	13	17	18	18	19	23	17	13	24	30	30	19	29	30	21	34	29	19
OTU_49	200	296	198	237	353	159	131	192	236	172	132	393	305	202	274	208	160	289	397	372	212	382	216	350	315	341	414
OTU_111	113	188	115	137	204	83	91	151	155	194	76	149	173	102	135	114	67	165	222	215	83	237	131	168	188	182	298
OTU_23	52	14	46	41	40	32	51	25	40	16	27	32	51	39	37	49	62	40	59	56	60	76	24	70	84	42	55
OTU_62	5	1	3	3	3	2	3	3	5	1	3	4	5	5	3	4	3	6	1	6	4	6	2	9	3	8	3
OTU_8	33	13	26	28	42	20	24	29	37	15	21	48	22	41	23	32	43	31	41	39	41	34	22	40	49	45	20
OTU_58	8	4	22	8	5	13	15	16	12	9	7	9	7	12	9	8	5	9	10	10	16	6	6	18	9	12	11
OTU_43	13	3	6	7	3	7	13	6	7	5	6	10	10	7	5	10	12	7	11	12	9	8	4	9	6	17	5
OTU_16	10	2	20	34	4	13	14	20	5	9	148	5	8	17	10	13	11	3	8	6	17	8	3	5	7	6	8
OTU_20	40	21	35	35	38	31	30	32	32	21	31	32	70	34	39	46	24	31	35	31	51	41	32	42	32	35	38
OTU_30	8	9	7	6	4	10	7	9	5	8	8	6	8	10	9	6	5	4	5	3	10	2	11	3	4	4	5
OTU_9	51	19	27	44	23	34	25	37	36	16	25	40	35	46	29	38	44	28	29	24	32	25	31	27	31	26	22
OTU_37	26	15	16	19	22	14	48	22	95	4	49	13	21	23	15	24	15	26	14	16	18	14	12	27	9	8	15
OTU_627	0	0	0	0	0	0	0	0	0	0	0	0	0	0	0	0	0	0	0	0	0	0	0	0	0	0	0
OTU_94	8	3	7	8	5	7	7	9	11	5	5	5	7	8	4	7	8	5	6	4	7	9	5	4	8	3	4
OTU_176	1	0	2	2	4	1	1	2	2	1	1	1	1	1	1	1	1	1	2	0	1	2	1	1	3	1	0
OTU_783	2	1	1	1	5	1	3	1	1	1	1	4	6	3	2	2	14	2	1	10	2	3	2	3	4	5	3
OTU_10	29	1	24	10	9	10	25	15	39	2	16	13	13	36	6	10	12	10	9	6	61	8	14	7	7	5	6
OTU_116	3	0	2	1	3	5	6	3	2	1	2	4	4	2	2	2	1	1	2	3	3	1	3	4	5	5	5
OTU_27	11	8	6	2	19	6	3	12	8	2	16	11	13	2	6	6	2	6	19	14	5	16	6	19	8	46	0
OTU_38	3	2	5	4	5	5	3	6	6	3	3	1	8	4	1	4	3	3	3	3	4	6	3	4	4	3	5
OTU_727	0	5	1	1	0	0	1	1	0	2	2	3	1	1	2	1	1	1	1	1	0	0	2	3	1	0	0
OTU_32	17	22	21	7	11	33	21	16	6	28	11	9	8	12	20	13	21	21	15	6	18	5	33	13	4	15	5
OTU_14	11	4	7	5	5	4	3	10	3	73	9	4	13	8	7	2	3	6	3	5	9	4	6	3	2	10	6
OTU_53	30	13	25	34	34	22	25	18	29	14	21	26	51	19	19	42	40	52	34	18	46	30	31	35	53	31	41
OTU_22	31	17	46	46	25	29	26	52	30	40	25	20	61	28	29	34	30	28	29	25	45	34	27	26	28	25	17
OTU_851	0	0	0	0	0	0	0	0	0	0	0	0	0	0	0	0	0	0	0	0	0	0	0	0	0	0	0
OTU_410	0	0	0	10	0	0	1	1	1	0	1	0	1	0	0	0	0	0	0	0	2	1	0	0	2	0	0
OTU_69	5	1	8	10	2	4	4	4	6	4	3	10	4	4	5	4	3	5	1	5	7	3	3	2	4	3	3
OTU_185	21	55	28	52	62	27	61	58	63	22	163	50	30	41	46	96	35	37	74	71	35	80	49	70	95	88	64
OTU_61	7	3	6	6	2	5	3	3	5	2	3	6	4	8	6	6	9	5	6	5	6	3	4	7	4	5	4
OTU_583	1	2	1	1	2	5	3	2	0	2	1	3	1	1	1	1	2	0	3	2	1	0	3	0	2	3	3
OTU_85	15	8	12	18	8	15	13	10	12	8	9	15	13	13	11	14	17	11	6	12	10	15	9	19	15	15	8
OTU_356	0	1	0	0	0	0	0	0	0	1	0	0	0	0	0	0	0	0	0	0	0	0	1	0	0	0	0
OTU_13	59	30	44	53	66	47	83	42	58	22	34	65	47	40	32	47	70	41	63	55	49	58	27	84	60	59	75
OTU_4	78	308	130	51	60	173	60	89	37	284	93	156	59	68	154	77	128	104	112	57	96	49	280	71	48	95	57
OTU_138	5	2	4	6	6	3	4	3	6	2	10	9	5	8	3	6	7	8	6	5	7	6	2	6	4	2	1
OTU_50	5	5	10	8	7	3	8	5	6	4	4	3	7	5	5	5	4	7	6	4	5	9	6	7	6	14	11
OTU_7	95	37	66	61	64	53	62	50	76	28	47	66	71	85	64	63	69	53	56	57	72	56	51	58	78	56	48
OTU_18	41	19	32	35	56	26	36	38	29	16	57	51	66	45	47	51	51	49	66	58	45	46	28	55	64	39	54
OTU_314	1	0	0	0	0	0	0	0	0	0	1	0	1	1	1	1	1	0	0	0	0	1	0	0	0	0	0
OTU_221	0	0	0	0	0	0	0	0	0	0	1	0	1	0	0	0	0	0	0	0	0	0	0	0	0	0	0
OTU_84	1	3	1	6	1	2	3	2	3	3	5	1	3	2	2	2	2	2	0	3	4	2	2	1	3	1	1
OTU_513	7	1	8	6	5	6	7	4	4	5	3	8	5	6	5	5	4	5	4	5	6	8	2	8	4	5	6
OTU_59	16	4	12	11	5	11	17	13	12	6	10	8	11	9	6	9	9	11	6	4	11	9	6	14	16	7	3
OTU_54	11	5	10	10	7	5	8	8	7	6	6	5	7	13	7	5	4	8	6	8	6	6	6	10	4	5	3
OTU_72	13	6	12	8	13	8	11	8	13	2	9	13	13	20	10	11	12	9	10	10	12	8	9	8	6	9	6
OTU_323	1	0	0	0	0	0	0	1	0	0	1	1	0	1	1	1	0	1	1	0	0	0	0	1	0	1	0
OTU_99	7	7	13	4	9	4	1	5	6	6	3	9	6	4	11	3	2	8	6	4	4	10	7	4	6	8	18
OTU_102	1	0	1	19	3	1	1	3	3	1	0	1	2	1	4	1	1	1	3	14	2	1	3	1	4	2	1
OTU_128	2	1	3	2	2	1	3	3	2	2	0	1	1	3	2	2	2	1	1	2	3	1	1	1	3	0	1
OTU_93	13	6	12	4	11	6	4	4	5	9	3	14	5	6	12	5	9	9	7	7	6	8	5	4	7	5	9
OTU_780	10	2	9	15	9	5	9	6	10	2	38	11	48	2	5	5	13	10	28	9	4	11	23	11	12	10	15
OTU_938	5	1	6	4	4	6	3	4	5	2	4	5	5	3	3	4	3	4	2	3	5	3	4	5	6	3	1
OTU_239	0	0	1	0	0	0	5	0	0	0	0	0	0	1	0	1	0	0	1	2	0	0	1	3	0	1	0
OTU_24	16	5	12	13	13	9	11	13	16	11	8	9	14	19	11	14	15	9	11	13	11	7	11	13	8	13	10
OTU_28	20	12	12	13	12	6	12	7	26	4	10	10	10	14	6	13	21	11	13	6	12	8	17	11	14	12	8
OTU_11	26	64	36	26	32	17	8	22	21	41	16	23	22	22	29	27	10	48	22	14	16	30	36	49	25	42	45
OTU_171	2	2	2	1	1	1	1	1	1	1	1	1	1	3	1	2	1	3	1	0	1	2	1	1	5	1	5
OTU_423	1	1	1	1	0	1	2	1	1	0	1	1	1	1	1	0	1	0	1	0	1	0	0	1	0	0	0
OTU_66	6	2	4	7	5	7	4	6	7	3	3	5	5	5	3	6	5	5	3	2	5	3	4	8	2	6	3
OTU_202	1	2	2	2	0	2	1	1	1	1	2	1	1	1	2	1	2	2	1	1	1	1	1	1	0	1	1
OTU_246	5	2	6	4	4	5	3	6	6	2	3	0	4	5	1	4	3	5	3	3	4	5	2	6	3	5	6
OTU_290	1	1	1	3	0	2	1	2	2	2	3	0	1	1	1	3	1	1	1	1	2	1	3	1	0	0	0
OTU_130	1	0	1	1	1	1	1	1	1	0	1	1	3	2	1	1	0	2	0	2	4	2	4	4	0	1	4
OTU_161	4	2	6	6	4	4	3	3	4	3	4	9	3	2	3	4	4	5	4	6	4	3	4	7	7	2	3
OTU_265	2	0	1	2	0	1	1	1	1	0	1	0	1	1	0	0	0	0	2	2	1	0	2	1	0	0	0
OTU_333	0	0	0	0	0	0	1	1	0	0	0	0	1	0	0	0	0	0	0	0	0	0	1	1	0	1	0
OTU_712	0	0	1	0	0	0	0	1	0	0	0	0	0	0	0	0	0	0	0	0	0	0	0	0	0	1	0
OTU_790	0	0	0	0	0	0	0	0	0	0	0	0	0	0	0	0	0	0	0	1	0	0	0	0	0	0	0
OTU_21	24	9	28	13	20	12	17	12	9	18	14	17	10	22	39	15	11	30	19	29	16	14	7	14	13	13	14
OTU_157	2	0	2	2	2	1	2	1	2	1	1	0	1	1	2	1	2	1	3	2	1	1	2	4	3	1	3
OTU_230	4	2	3	3	2	2	5	2	9	3	4	4	5	1	3	4	2	2	3	2	2	1	0	5	4	2	8
OTU_288	1	0	0	0	0	0	0	0	1	1	0	0	1	1	0	1	0	0	0	0	1	0	0	0	0	0	0
OTU_119	2	1	1	3	1	1	1	1	1	0	1	0	1	3	1	3	1	2	2	2	2	1	1	1	1	1	3
OTU_848	0	0	0	0	0	0	0	0	0	0	0	0	0	0	0	0	0	0	0	0	0	0	0	0	0	0	0
OTU_48	8	2	6	11	6	4	9	7	9	4	6	6	22	8	4	8	10	6	10	13	14	6	3	6	10	5	8
OTU_71	1	0	1	2	3	0	1	0	11	1	1	0	1	2	1	3	3	3	1	7	9	5	0	6	2	3	3
OTU_242	3	2	2	4	1	3	2	2	2	1	3	4	3	2	2	3	3	2	1	1	2	1	3	2	1	1	0
OTU_76	24	4	14	10	10	4	11	9	12	6	11	10	8	11	13	12	5	12	18	16	5	19	13	19	13	12	18
OTU_457	0	0	0	0	1	0	0	0	0	0	0	0	0	0	0	0	0	0	0	0	0	0	0	0	0	0	0
OTU_33	20	12	21	31	11	30	14	25	19	29	19	18	24	21	25	25	17	18	13	14	21	19	13	15	13	23	22
OTU_233	1	0	0	0	2	1	1	1	1	0	1	0	0	0	1	0	0	0	0	0	0	1	0	0	0	0	0
OTU_98	4	3	4	4	5	4	4	4	5	2	2	4	5	5	3	4	4	4	8	6	4	4	1	3	4	5	6
OTU_350	6	2	2	3	0	3	2	4	1	1	3	3	3	3	1	3	4	4	1	1	2	2	4	0	4	1	0
OTU_471	0	0	0	0	0	0	0	0	0	0	0	0	0	0	0	0	0	0	0	1	0	0	0	0	0	0	0
OTU_112	1	1	4	4	6	2	3	2	3	1	1	3	2	2	2	2	2	2	5	10	2	2	2	4	3	2	1
OTU_68	1	0	0	1	2	2	1	18	3	0	0	0	1	3	7	2	1	0	1	3	0	2	0	4	6	0	0
OTU_90	2	7	3	1	1	4	2	2	1	5	0	10	1	3	3	2	2	3	3	3	1	1	4	0	3	3	6
OTU_36	6	10	7	2	6	5	3	5	5	3	7	6	6	6	5	8	4	6	3	4	5	8	7	4	15	10	4
OTU_17	17	3	23	16	7	11	46	34	11	8	16	5	10	12	30	14	14	11	10	8	11	9	3	13	4	9	9
OTU_29	13	19	19	19	30	11	17	13	17	14	20	22	23	20	19	17	21	16	24	40	23	30	21	23	20	34	33
OTU_418	13	3	10	16	17	5	15	12	13	9	4	15	12	9	8	20	24	7	18	14	14	17	8	20	22	10	13
OTU_148	2	0	1	1	2	0	1	1	2	1	2	1	1	1	1	1	1	1	1	0	1	1	0	1	0	1	1
OTU_293	2	0	1	2	1	1	1	2	3	1	0	5	3	3	2	2	1	4	3	2	1	3	1	2	2	2	8
OTU_110	3	4	2	3	3	1	3	3	2	2	4	1	3	2	1	3	2	2	1	1	3	3	1	1	1	2	5
OTU_304	3	1	2	6	1	1	3	3	3	1	4	1	4	3	3	4	3	3	1	2	3	3	2	1	2	1	1
OTU_104	1	4	1	0	2	0	1	1	4	2	0	0	2	2	7	0	0	1	0	0	1	1	1	1	0	0	1
OTU_40	7	3	3	9	2	2	3	3	2	8	4	4	13	8	5	7	6	3	5	5	5	11	1	4	6	4	4
OTU_141	2	1	2	1	0	2	2	1	2	0	1	4	1	1	0	1	1	1	0	2	1	1	1	1	0	1	0
OTU_402	1	1	2	2	2	1	1	1	1	1	1	1	2	1	0	1	2	1	1	3	1	0	1	2	1	2	3
OTU_57	1	6	2	4	1	3	3	2	1	3	2	3	3	2	3	2	2	7	3	2	3	1	4	2	2	2	1
OTU_73	19	9	12	19	24	9	13	10	10	5	10	19	11	11	11	17	21	15	16	11	16	16	11	17	19	16	8
OTU_168	1	1	1	1	1	1	1	1	1	1	1	0	1	1	1	1	1	0	1	0	1	1	1	0	1	1	0
OTU_42	6	1	6	6	0	3	3	3	4	1	2	1	5	5	2	4	5	4	3	1	4	1	4	2	1	2	1
OTU_75	12	2	11	10	6	9	7	10	10	3	6	3	9	10	5	10	10	7	4	8	9	8	6	7	4	6	6
OTU_91	8	2	10	4	1	6	5	3	4	2	3	5	4	4	5	2	4	2	3	2	4	2	6	1	0	3	1
OTU_485	6	2	6	5	3	4	3	4	4	3	4	5	3	5	4	5	4	5	3	4	4	4	3	3	4	3	4
OTU_35	16	15	14	13	14	7	8	12	11	6	8	13	15	19	12	10	11	11	15	18	12	16	12	16	24	12	14
OTU_729	3	9	5	4	2	4	3	4	3	6	4	3	5	3	5	3	1	5	2	2	4	1	7	0	3	4	3
OTU_123	6	2	4	4	6	7	6	8	6	2	1	6	4	6	2	6	5	5	6	6	18	7	4	3	13	6	8
OTU_200	2	0	1	0	0	1	2	1	1	1	1	0	0	1	0	0	1	0	0	1	1	1	0	1	1	0	0
OTU_47	9	1	18	2	7	2	4	3	3	6	2	1	2	1	7	3	2	11	2	5	2	2	2	4	5	4	1
OTU_103	1	1	1	2	3	0	2	4	1	1	4	3	2	1	0	1	0	2	3	2	1	2	1	3	4	6	6
OTU_60	18	8	14	12	20	9	17	16	18	9	9	15	15	13	11	11	11	21	10	18	16	10	12	21	22	11	8
OTU_46	7	8	7	5	3	5	10	8	3	4	12	3	5	9	6	5	5	5	5	2	6	3	10	2	3	3	1
OTU_19	28	13	23	20	38	19	25	21	20	7	20	38	20	26	20	22	17	22	28	41	22	35	12	27	29	45	23
OTU_343	7	7	5	11	9	5	10	6	4	1	8	4	8	6	9	6	5	11	6	5	4	14	6	7	12	15	6
OTU_74	4	2	5	4	5	3	9	4	6	1	3	9	5	4	4	4	4	5	6	4	3	3	3	3	8	7	1
OTU_197	3	0	9	5	0	1	5	1	0	0	0	3	4	16	1	6	0	0	3	1	0	1	5	4	1	2	0
OTU_34	11	1	6	12	6	1	19	1	5	4	10	11	10	3	5	10	6	12	6	9	7	12	1	5	12	6	3
OTU_88	4	3	3	4	2	7	6	4	9	2	14	3	5	2	4	5	5	3	2	2	3	3	3	1	4	2	3
OTU_86	9	3	7	6	5	7	11	9	8	5	5	8	6	7	6	6	4	6	6	7	5	3	5	9	5	5	6
OTU_6	49	28	34	26	34	31	24	35	31	13	39	43	28	39	27	31	30	32	30	44	42	44	31	45	41	35	34
OTU_125	12	3	9	9	10	5	10	5	5	2	6	5	11	4	9	6	6	7	9	12	3	2	3	11	12	8	8
OTU_661	7	8	4	5	6	4	5	7	4	3	9	8	6	7	6	6	4	3	5	6	3	3	8	4	3	8	3
OTU_31	6	1	13	6	4	4	16	13	2	3	2	1	6	8	5	4	2	5	3	2	10	3	6	2	3	1	3
OTU_113	3	1	2	1	3	1	1	1	1	0	2	1	1	1	1	2	1	1	1	2	2	1	1	2	1	1	3
OTU_398	1	0	1	0	1	1	0	1	0	0	0	0	0	0	0	0	0	1	0	0	0	1	0	1	0	0	1
OTU_44	5	0	4	5	6	5	3	3	3	4	1	3	6	6	10	7	4	7	6	10	4	6	2	6	5	4	3
OTU_887	1	0	1	1	0	1	2	2	1	1	1	1	0	1	1	1	1	1	1	0	2	1	1	0	0	1	1
OTU_236	3	2	2	3	2	2	13	1	5	1	2	1	2	2	1	3	2	5	3	3	2	2	3	5	6	1	1
OTU_214	1	1	2	3	0	2	1	4	1	1	1	3	1	1	1	1	5	1	1	2	4	3	1	2	3	1	0
OTU_154	3	1	2	1	0	2	2	3	1	0	2	0	2	1	2	1	1	1	1	2	1	1	0	2	2	1	0
OTU_278	0	1	0	0	0	0	0	0	0	0	1	0	0	0	0	0	0	0	0	0	1	1	0	0	0	0	0
OTU_55	9	3	5	6	4	3	7	4	9	2	7	4	8	6	5	6	8	6	4	5	4	8	5	1	1	6	4
OTU_159	3	2	1	1	1	1	1	1	1	1	2	5	2	2	5	1	2	2	1	1	2	1	3	1	0	1	3
OTU_41	8	0	11	8	0	6	9	9	1	6	2	1	2	7	23	6	3	2	5	4	5	2	0	4	3	1	3
OTU_25	22	33	17	15	17	20	14	17	14	14	19	22	19	21	23	16	14	18	19	14	16	20	30	16	32	30	23
OTU_100	2	1	2	2	1	3	3	1	2	3	3	3	2	3	2	2	1	2	4	3	2	2	3	3	2	2	3
OTU_282	0	0	0	0	1	0	0	0	1	0	0	1	1	0	0	0	1	0	0	0	0	0	0	0	0	0	0
OTU_109	3	0	2	3	1	1	1	1	2	1	0	0	1	3	3	2	2	1	0	1	1	1	1	0	0	3	0
OTU_372	0	0	1	0	0	0	1	0	0	1	0	0	0	1	1	0	0	0	0	1	0	0	0	0	0	0	0
OTU_87	9	7	14	12	13	8	4	9	11	9	6	5	9	19	13	13	20	13	8	10	12	12	5	13	7	12	17
OTU_201	2	0	1	1	2	1	0	1	2	0	0	0	0	2	0	2	4	0	1	0	1	1	1	2	2	1	1
OTU_80	5	13	3	5	6	2	6	3	3	3	1	8	2	4	3	4	2	4	3	5	5	4	1	5	7	5	4
OTU_70	9	8	6	6	3	9	5	5	3	5	2	4	4	8	6	5	7	7	4	6	7	5	11	1	4	5	5
OTU_589	0	0	0	0	0	0	0	1	0	0	0	0	0	0	0	0	0	0	0	0	0	1	0	0	0	0	0
OTU_82	6	2	4	4	2	5	5	4	3	3	6	0	5	4	4	3	3	4	1	3	5	3	2	4	4	4	0
OTU_241	2	0	2	1	2	2	2	1	1	1	1	0	2	1	1	1	1	2	1	2	1	1	1	2	3	3	3
OTU_136	1	1	1	1	2	1	1	1	1	0	2	0	2	1	1	2	0	1	0	1	1	1	2	3	1	0	0
OTU_837	0	0	0	0	0	0	0	0	0	0	0	0	0	0	0	0	0	0	0	0	0	0	0	0	0	0	0
OTU_888	1	0	1	1	1	1	1	2	0	0	2	1	1	1	3	0	0	1	1	1	1	2	3	0	0	2	1
OTU_198	0	0	0	0	0	0	0	0	0	0	0	0	0	0	0	4	0	0	0	0	0	0	0	0	0	0	0
OTU_194	3	1	3	2	1	3	4	2	3	1	3	1	3	2	3	2	2	3	1	0	1	0	1	3	1	3	4
OTU_65	8	4	15	4	3	7	5	4	11	3	6	5	2	9	2	4	5	3	7	3	4	1	5	4	3	5	5
OTU_175	1	0	0	1	0	0	1	1	1	1	1	0	0	1	0	0	1	1	1	0	0	1	1	1	0	0	1
OTU_89	6	1	7	3	8	7	10	7	2	4	2	3	3	5	7	4	4	6	3	7	6	3	2	4	5	4	3
OTU_190	13	3	11	11	8	9	11	11	11	7	8	10	9	13	7	10	10	18	6	15	13	9	6	7	16	12	11
OTU_216	2	0	1	2	0	2	1	1	1	0	1	0	1	3	1	1	2	2	1	0	1	0	1	0	3	3	0
OTU_107	2	1	7	4	3	5	8	5	3	2	3	0	3	6	4	3	3	4	4	2	5	5	2	7	4	4	1
OTU_180	1	1	1	0	0	0	1	0	0	0	0	0	0	0	1	0	1	0	1	0	1	0	1	0	0	1	0
OTU_131	3	0	1	1	1	2	0	0	1	4	0	0	0	0	0	0	0	1	0	1	1	0	1	0	0	0	0
OTU_220	1	0	0	3	0	0	0	1	0	0	0	1	1	0	0	0	0	1	0	2	0	2	1	0	0	0	0
OTU_206	1	0	2	1	1	0	1	1	1	1	0	1	1	0	1	1	0	1	0	1	1	0	1	1	1	1	1
OTU_105	1	8	1	3	3	2	1	3	3	1	3	1	2	3	1	2	2	2	1	2	4	0	2	0	3	1	0
OTU_140	2	8	3	2	1	2	2	2	2	4	3	5	3	4	3	2	2	3	3	1	2	2	5	1	1	2	3
OTU_405	0	0	1	0	0	0	0	0	0	0	0	0	0	0	0	0	0	0	0	0	0	0	0	0	0	0	0
OTU_743	1	1	2	1	2	1	1	1	1	1	1	0	1	1	1	1	1	1	1	2	1	1	1	1	1	0	1
OTU_927	0	0	0	0	0	0	0	0	0	0	1	0	0	0	0	0	0	0	0	0	0	0	0	0	0	1	0
OTU_562	0	0	0	0	1	0	0	0	0	0	0	1	0	0	0	0	0	0	0	1	0	1	0	1	2	2	3
OTU_83	6	6	5	5	3	5	5	5	4	4	5	3	5	5	6	5	4	5	6	3	5	3	8	4	5	9	6
OTU_536	1	0	2	1	0	0	0	1	0	1	0	0	0	0	0	1	0	0	1	0	0	0	0	0	0	0	0
OTU_163	1	1	2	2	0	2	1	2	1	0	0	1	1	1	1	1	1	1	1	2	1	1	1	1	1	1	1
OTU_78	3	2	2	2	4	2	3	3	2	1	1	1	4	5	2	2	2	1	1	2	3	1	3	1	2	1	0
OTU_430	0	0	0	0	2	0	0	0	0	0	0	0	0	0	0	0	0	0	0	0	0	0	0	0	0	0	0
OTU_275	1	0	1	0	0	0	0	1	0	0	1	0	1	1	0	0	0	0	1	0	0	0	0	0	0	0	0
OTU_948	0	0	0	0	0	0	0	0	0	0	0	0	0	0	0	0	0	0	0	0	0	0	0	0	0	0	0
OTU_445	1	1	1	1	1	0	1	0	1	0	0	0	0	1	1	1	1	0	0	1	1	0	1	0	0	0	1
OTU_134	4	1	2	2	0	1	2	1	2	1	0	0	2	3	1	2	2	1	2	0	1	1	1	2	1	1	1
OTU_143	2	1	1	1	1	3	1	1	1	1	1	1	1	1	3	1	2	1	1	1	1	1	1	1	2	0	1
OTU_277	1	1	1	0	0	1	1	1	0	0	1	0	0	1	1	0	0	0	1	1	0	0	0	2	2	0	0
OTU_438	0	0	1	1	0	0	0	0	0	0	1	0	1	1	1	0	0	0	0	0	0	0	0	1	0	0	0
OTU_153	2	1	3	1	2	1	4	3	2	0	2	1	1	2	1	1	1	1	1	1	2	0	1	2	1	1	3
OTU_158	1	0	0	0	1	1	1	1	0	1	0	3	0	1	1	1	1	0	1	0	1	1	1	0	0	2	1
OTU_283	1	1	1	0	1	1	1	1	0	1	1	1	1	1	1	0	2	1	2	0	1	1	3	2	1	1	1
OTU_414	0	0	1	1	1	0	0	1	0	0	1	0	0	0	0	0	0	0	0	0	0	0	0	0	1	0	0
OTU_407	0	0	0	0	0	0	0	0	0	0	0	0	0	0	0	0	0	0	0	0	0	0	0	0	0	0	0
OTU_512	0	0	0	0	0	0	0	0	0	0	0	0	0	0	0	0	0	0	0	0	0	0	0	0	0	0	0
OTU_169	0	2	0	1	0	0	0	0	1	1	4	1	0	1	0	1	0	0	2	0	0	1	1	2	0	1	1
OTU_172	1	0	2	1	1	0	1	2	0	0	0	3	1	1	1	1	0	1	1	2	1	1	1	1	0	2	3
OTU_539	0	0	0	0	0	0	0	0	0	0	0	0	0	0	0	0	0	0	1	1	0	1	0	0	0	0	0
OTU_56	10	4	7	9	11	9	10	8	10	4	6	3	10	8	4	8	8	7	10	8	13	9	8	6	8	7	9
OTU_908	1	2	1	1	3	1	1	1	1	1	1	4	1	1	1	1	2	1	3	3	1	1	2	2	2	3	6
OTU_64	12	1	4	6	2	4	1	3	3	0	5	4	4	3	5	9	4	2	1	4	11	9	5	9	6	7	1
OTU_465	0	0	0	0	0	0	0	0	0	1	0	0	0	0	0	0	0	0	0	1	0	0	0	0	0	0	0
OTU_97	2	5	1	0	0	1	2	0	0	1	2	1	1	1	1	1	1	0	1	0	6	1	2	2	0	1	0
OTU_174	1	1	0	1	1	1	1	1	3	1	2	0	1	1	1	1	1	1	1	0	2	0	1	1	2	1	0
OTU_144	0	0	1	1	1	2	1	1	0	1	0	3	0	0	1	0	1	1	0	0	0	0	1	0	0	1	0
OTU_922	1	0	1	1	1	0	0	1	0	0	0	0	0	0	0	0	0	0	0	0	0	1	0	0	0	1	0
OTU_716	0	0	0	0	0	0	0	0	0	0	0	1	0	0	0	0	0	0	0	0	0	0	0	0	0	0	0
OTU_593	0	0	0	0	0	0	0	0	0	0	0	0	0	0	0	0	0	0	0	0	0	1	0	0	0	1	0
OTU_929	1	0	1	1	0	1	1	1	1	0	0	0	0	0	0	0	1	1	1	1	1	1	0	0	1	1	0
OTU_829	1	0	0	0	1	0	1	1	1	1	0	0	0	1	0	1	0	1	0	0	0	2	0	0	1	1	0
OTU_737	0	0	0	0	1	0	0	0	0	0	0	0	0	0	0	0	0	0	0	1	0	0	0	0	0	1	0
OTU_281	1	0	1	1	1	0	0	0	1	0	1	0	0	1	1	1	1	0	0	1	0	0	0	0	0	0	0
OTU_77	1	0	3	2	2	4	3	2	2	1	1	3	7	1	3	3	3	4	3	2	3	2	0	1	3	3	3
OTU_92	4	4	3	4	3	4	3	3	4	2	3	1	3	3	2	2	4	4	1	3	4	2	3	4	3	5	1
OTU_232	0	1	1	2	2	1	0	1	1	1	1	0	1	2	1	0	0	2	1	2	1	1	2	2	0	0	0
OTU_210	0	0	1	1	0	0	0	0	0	0	0	3	1	1	1	0	0	0	0	0	0	1	0	1	0	1	0
OTU_362	1	0	1	1	1	0	1	0	0	0	1	0	0	1	0	1	0	0	1	2	0	0	0	1	0	1	1
OTU_943	1	0	1	0	1	0	0	1	0	0	0	1	1	0	0	1	0	0	0	2	0	2	0	1	0	2	0
OTU_120	5	1	3	5	1	2	2	7	3	5	6	1	5	3	3	3	4	4	2	7	4	2	2	3	3	3	0
OTU_482	0	0	0	0	0	0	0	0	0	0	0	1	0	0	0	0	0	0	1	0	0	0	0	0	0	0	0
OTU_145	1	2	1	1	1	1	1	2	2	2	2	1	1	1	2	1	1	2	0	1	0	1	1	4	1	0	1
OTU_432	0	0	0	0	0	0	0	0	0	0	0	0	0	1	0	0	0	0	0	0	0	0	0	0	0	0	0
OTU_184	1	2	1	1	1	2	4	2	2	1	3	3	2	2	2	2	2	2	1	2	1	1	1	2	2	1	1
OTU_310	0	0	1	1	0	1	0	0	0	2	1	0	0	0	1	1	0	0	1	0	0	0	0	0	0	0	1
OTU_503	0	0	0	1	0	1	1	1	1	0	0	0	0	0	1	0	0	1	0	0	1	0	0	2	2	1	0
OTU_209	3	1	2	1	1	2	2	1	1	1	1	3	1	3	1	2	2	1	1	2	2	3	1	3	4	2	0
OTU_319	1	0	0	0	0	0	1	0	0	0	0	1	0	0	0	0	0	0	0	0	1	0	0	0	0	0	0
OTU_219	0	1	0	0	1	0	0	1	0	0	0	0	0	0	0	0	1	0	0	0	0	0	1	0	1	0	0
OTU_152	1	1	1	1	1	0	0	1	0	1	2	0	1	1	2	0	0	1	0	2	0	0	2	0	0	2	0
OTU_256	1	0	0	0	1	0	0	1	0	1	1	0	1	0	1	0	0	0	0	1	1	0	1	0	0	1	1
OTU_213	2	1	1	1	0	1	1	2	0	1	1	1	1	2	1	2	1	0	1	1	1	0	1	1	0	0	0
OTU_260	1	2	1	0	2	2	1	1	0	1	0	3	1	2	1	1	1	1	1	1	1	2	3	1	0	2	3
OTU_537	0	0	0	0	0	0	0	0	0	0	0	1	0	0	0	0	2	0	0	0	1	1	0	0	2	0	1
OTU_404	0	0	0	0	0	0	0	1	1	0	0	0	0	0	0	0	0	0	0	0	0	0	0	0	0	0	0
OTU_715	0	0	0	0	0	0	0	0	0	0	0	0	0	0	0	0	0	0	0	0	0	0	0	0	0	0	0
OTU_182	1	2	1	2	1	0	1	0	0	0	0	0	0	0	1	1	1	0	0	0	0	1	0	2	1	1	0
OTU_285	3	0	0	0	0	0	0	0	0	0	1	0	0	1	0	0	0	0	0	0	0	0	0	0	0	0	1
OTU_269	0	0	1	1	0	1	2	0	0	0	0	0	0	1	0	1	1	1	1	2	0	2	0	1	2	1	1
OTU_146	4	1	6	3	3	3	2	4	3	2	2	0	2	1	2	2	3	2	1	2	2	3	1	1	2	3	1
OTU_137	1	1	2	1	0	0	2	2	1	1	1	1	1	1	1	1	1	1	1	2	1	2	1	1	3	3	3
OTU_106	0	7	0	0	0	1	0	3	0	1	2	1	1	1	1	0	1	0	0	0	3	0	7	0	2	0	0
OTU_117	3	0	2	3	3	2	2	2	2	1	1	1	2	4	2	2	3	1	1	3	2	1	3	1	0	1	1
OTU_45	5	1	5	4	7	4	5	4	4	2	3	6	5	5	5	4	4	4	2	6	4	5	4	11	8	2	4
OTU_312	1	0	0	0	0	0	0	0	0	0	0	0	1	0	0	0	0	0	0	1	0	0	0	0	0	0	0
OTU_531	0	0	0	0	1	0	0	0	0	0	0	0	0	0	0	0	0	0	1	0	0	0	1	0	0	0	0
OTU_270	1	0	1	2	2	1	1	0	0	0	0	3	1	1	1	0	1	0	0	0	1	1	0	0	0	1	0
OTU_177	2	0	0	3	1	0	1	1	1	1	3	0	1	0	1	2	1	0	0	0	1	1	0	1	0	0	0
OTU_318	0	0	0	0	1	0	0	1	0	0	1	0	0	0	0	0	0	0	0	0	1	0	0	1	0	0	0
OTU_334	3	0	4	3	1	1	3	3	2	2	1	1	2	4	12	11	2	4	6	6	2	3	2	4	3	2	5
OTU_63	5	6	5	4	1	8	5	6	3	4	5	1	6	3	7	3	4	6	6	3	8	3	8	2	3	3	3
OTU_126	3	1	2	3	4	3	3	2	3	2	1	5	2	1	3	2	1	4	2	2	2	2	1	2	3	1	4
OTU_79	2	4	2	2	2	3	2	2	3	4	1	3	2	3	3	1	1	3	1	2	2	1	2	1	0	1	1
OTU_203	0	1	0	1	0	0	0	0	1	0	1	0	1	1	1	0	0	1	0	1	0	0	1	0	1	0	0
OTU_612	0	0	0	1	0	0	0	0	0	0	0	0	0	0	0	0	0	0	0	0	0	0	0	0	0	0	0
OTU_638	0	0	1	1	0	0	0	0	0	0	1	0	0	0	0	0	0	1	0	0	0	0	0	0	1	0	0
OTU_384	1	1	0	1	1	1	2	1	1	0	1	0	1	1	3	0	1	0	2	2	3	1	1	0	1	1	3
OTU_249	0	0	1	0	0	1	1	1	1	0	0	1	0	1	1	0	1	0	0	1	1	0	0	0	0	0	1
OTU_317	0	0	0	0	0	0	0	0	0	0	0	0	0	1	0	0	0	0	0	0	0	1	0	0	0	0	1
OTU_331	0	0	0	0	0	0	0	7	0	0	0	0	0	0	0	0	0	0	0	0	0	0	0	0	0	0	0
OTU_298	0	0	0	0	1	0	0	0	0	0	0	0	0	0	0	0	1	0	1	0	0	0	1	0	0	0	0
OTU_254	0	1	0	0	1	1	3	0	1	0	1	0	0	1	0	0	0	1	1	0	1	0	0	0	0	0	0
OTU_51	2	3	2	5	2	2	2	5	4	5	0	0	3	1	5	3	2	3	1	1	1	1	1	0	2	1	0
OTU_121	3	3	2	1	2	1	1	2	2	1	1	0	3	1	1	1	1	2	1	1	2	1	1	0	3	3	4
OTU_147	1	4	1	1	0	3	2	1	1	2	2	0	2	1	2	2	3	1	1	2	2	2	2	0	2	1	5
OTU_349	0	0	0	0	0	0	0	1	1	0	0	0	1	0	0	0	0	0	0	0	0	0	0	0	0	0	0
OTU_599	1	0	0	0	0	0	0	0	0	0	0	0	0	0	0	0	0	0	0	0	0	0	0	0	0	0	0
OTU_800	1	0	2	1	1	1	1	2	1	1	2	0	2	2	2	1	1	2	0	1	0	1	0	3	0	0	0
OTU_353	0	0	0	0	0	0	0	0	0	0	0	0	0	0	0	0	0	0	0	0	0	0	0	1	0	0	0
OTU_127	4	1	4	2	3	3	5	4	4	2	2	3	3	2	2	3	2	6	1	6	3	2	2	2	1	2	5
OTU_556	2	2	1	2	0	2	3	1	2	1	1	1	3	3	3	1	1	1	0	0	2	1	1	0	0	2	1
OTU_380	0	0	1	0	0	0	0	0	0	0	0	1	0	0	0	0	0	1	0	0	0	0	0	0	1	1	0
OTU_248	0	0	1	0	1	0	0	0	1	0	0	0	0	0	0	2	0	0	0	0	0	0	1	0	1	0	0
OTU_135	2	0	1	1	0	1	0	1	1	2	1	0	0	2	0	1	0	0	1	0	1	0	0	1	2	1	0
OTU_229	1	0	1	0	0	1	1	1	0	0	0	0	1	0	0	0	0	1	0	0	0	0	0	0	0	1	0
OTU_486	0	0	0	0	2	0	0	0	0	0	0	0	0	0	0	0	0	0	0	0	0	0	0	0	0	0	0
OTU_115	3	1	4	3	3	3	3	5	2	1	2	3	2	3	2	1	3	3	1	2	3	2	1	2	1	2	4
OTU_635	1	1	1	0	0	1	1	0	0	0	0	0	0	1	0	0	0	0	0	1	0	0	0	0	1	0	0
OTU_946	0	0	0	0	0	0	0	0	0	0	0	0	0	0	0	0	0	0	1	0	0	0	0	0	0	0	0
OTU_355	0	0	1	0	0	0	0	1	0	0	0	0	0	0	0	0	0	0	0	0	0	1	0	0	0	0	0
OTU_205	1	1	1	0	0	1	1	0	1	1	0	0	1	0	1	0	0	1	0	1	0	0	0	0	0	0	0
OTU_227	0	1	0	0	0	0	0	0	0	1	1	1	0	0	0	0	0	0	0	0	0	0	1	0	1	1	0
OTU_615	0	0	0	0	0	0	0	0	0	0	0	0	0	0	0	0	0	0	0	1	0	0	0	0	3	0	0
OTU_150	1	0	0	1	0	1	0	1	1	0	1	0	3	0	1	0	0	1	1	1	6	1	0	1	0	1	0
OTU_189	1	0	1	0	0	1	0	0	0	1	1	0	0	1	0	1	1	0	1	0	1	0	1	0	0	0	3
OTU_306	0	0	0	0	0	0	0	0	0	0	1	1	0	0	0	0	0	0	0	0	0	1	0	0	0	1	1
OTU_122	0	1	1	1	0	1	3	0	1	2	1	1	1	0	2	1	0	1	0	0	2	1	1	0	1	1	1
OTU_711	0	0	0	0	0	0	0	0	0	0	0	0	0	0	0	0	0	0	0	0	0	0	0	0	0	0	0
OTU_114	2	1	3	2	2	1	1	0	1	2	1	1	1	3	2	2	1	2	2	2	1	1	1	1	2	1	1
OTU_208	0	1	1	1	0	1	1	1	0	1	2	1	0	1	1	1	1	0	0	0	1	1	2	3	1	1	0
OTU_392	1	0	2	3	0	1	1	1	1	1	0	1	1	1	1	1	1	1	1	0	2	0	1	1	1	2	0
OTU_337	1	0	0	0	1	1	1	0	1	1	2	0	0	1	1	0	0	1	1	2	1	0	0	0	0	0	0
OTU_132	5	2	5	5	5	3	6	5	5	3	3	5	4	3	2	3	4	4	6	1	6	3	3	3	0	5	1
OTU_179	3	1	0	2	0	1	0	2	2	2	1	1	2	1	1	1	1	1	1	1	1	0	1	0	0	1	0
OTU_252	5	2	5	4	5	5	6	3	4	1	4	5	4	6	2	5	3	6	5	5	6	3	1	2	2	5	3
OTU_139	1	1	1	0	1	1	1	1	1	1	1	1	1	1	1	1	1	1	1	1	1	1	1	2	1	5	3
OTU_594	0	0	0	0	0	0	0	0	0	0	0	0	0	0	0	0	0	0	0	0	0	0	0	0	0	0	0
OTU_600	4	3	5	5	6	2	3	2	3	2	3	3	7	3	2	5	2	3	6	6	3	5	4	5	11	4	8
OTU_747	0	0	0	0	0	0	0	0	0	0	0	0	0	0	0	0	0	0	0	0	0	0	0	0	0	0	1
OTU_972	0	0	0	0	1	0	0	0	0	0	0	0	0	0	0	0	0	0	0	0	0	0	0	0	0	0	0
OTU_383	0	0	0	0	0	0	0	0	0	1	0	0	0	0	0	0	0	0	1	0	0	0	0	0	0	0	0
OTU_217	1	1	2	2	2	1	1	1	2	1	1	3	2	2	1	2	2	1	0	5	2	3	2	0	3	2	1
OTU_101	2	0	3	1	0	2	2	1	1	1	2	1	2	1	1	2	0	1	3	0	1	1	2	0	2	1	0
OTU_303	0	0	0	0	1	0	0	0	0	0	0	0	0	0	0	5	0	0	0	0	0	1	0	0	0	0	0
OTU_395	0	1	0	0	0	0	0	1	0	0	0	0	0	0	0	0	0	0	0	1	0	0	0	0	0	0	0
OTU_476	0	0	1	0	0	1	0	1	0	0	0	0	0	0	0	0	0	0	1	0	0	0	0	0	0	0	0
OTU_947	0	0	0	0	0	0	0	0	0	0	0	0	0	0	0	0	0	0	0	0	0	0	0	0	0	0	0
OTU_273	1	0	0	0	0	1	1	2	0	0	0	0	0	1	0	0	2	0	0	0	0	1	0	1	1	0	0
OTU_769	0	0	0	0	0	0	0	0	0	0	0	1	0	0	0	0	0	0	0	0	0	0	0	0	0	0	0
OTU_413	1	2	2	1	1	1	4	1	1	1	3	0	2	1	1	1	1	3	3	1	3	1	1	0	0	1	1
OTU_326	1	0	2	1	1	1	2	1	1	1	1	1	1	1	2	1	1	1	1	0	1	0	1	0	1	1	4
OTU_223	1	1	1	1	2	0	2	0	3	0	0	0	1	0	0	1	1	0	1	1	8	1	1	0	0	1	0
OTU_266	0	0	0	1	0	1	0	0	0	0	0	0	1	0	1	1	0	0	0	0	0	0	0	0	0	0	0
OTU_108	4	2	4	4	1	3	6	6	4	2	3	6	3	2	4	3	2	4	1	4	6	2	2	4	4	3	0
OTU_412	0	0	0	0	0	0	0	0	0	0	0	0	0	0	0	0	0	0	0	0	0	0	0	1	0	1	0
OTU_367	1	0	1	1	0	1	1	1	1	0	1	0	1	1	1	1	1	0	1	0	1	0	1	0	0	0	1
OTU_473	0	0	0	0	0	0	1	0	0	0	0	0	0	0	0	0	0	0	0	0	0	0	0	0	0	1	0
OTU_325	0	0	0	0	0	0	0	0	0	0	0	0	0	0	0	0	0	0	1	0	0	0	0	0	0	0	0
OTU_623	0	0	0	0	0	0	0	0	0	0	0	0	0	0	0	0	0	0	0	0	0	0	0	0	0	0	0
OTU_207	0	0	1	0	0	0	0	1	0	0	0	0	0	0	0	2	0	0	1	1	0	0	0	0	1	0	0
OTU_390	1	0	0	1	0	0	0	0	1	0	0	0	0	0	1	0	0	0	0	0	0	0	0	0	1	0	0
OTU_679	0	0	1	0	0	0	0	0	0	0	0	0	0	0	0	0	0	0	1	0	0	0	0	1	0	0	0
OTU_814	0	0	0	0	0	0	0	0	0	0	0	0	0	0	0	0	0	0	0	0	0	0	0	0	0	0	0
OTU_196	2	1	1	1	2	1	1	1	1	1	1	0	0	1	0	1	2	0	2	5	0	2	1	1	3	0	0
OTU_348	0	0	0	0	0	0	0	0	0	0	0	0	0	1	0	0	0	1	0	0	0	0	0	0	0	0	0
OTU_96	4	2	2	3	2	2	4	3	1	1	3	3	2	3	3	2	3	2	0	3	1	1	1	1	2	3	0
OTU_662	0	0	0	0	0	0	0	0	0	0	0	0	0	0	0	0	0	0	0	0	0	0	0	0	0	0	0
OTU_629	0	0	0	0	0	0	0	0	0	0	0	0	0	0	0	0	0	0	0	0	0	0	0	0	0	0	0
OTU_516	0	1	0	0	0	0	0	0	0	0	0	0	0	0	0	0	0	0	0	0	0	0	0	0	0	0	0
OTU_763	1	0	2	1	2	1	0	2	2	0	1	0	1	1	1	1	1	1	1	2	1	1	1	0	2	1	0
OTU_186	2	0	1	1	1	1	0	1	1	1	0	3	1	0	0	1	1	1	1	1	2	0	1	1	0	1	0
OTU_428	0	0	0	0	0	0	0	1	0	0	0	0	0	0	0	0	0	0	0	1	0	0	0	1	0	0	0
OTU_741	0	0	0	0	0	0	0	0	0	0	0	0	0	0	0	0	0	0	0	0	0	0	0	1	0	0	1
OTU_357	0	0	1	0	0	0	0	0	0	0	0	0	0	0	0	1	0	0	0	0	0	0	1	0	1	1	1
OTU_491	0	0	0	0	0	0	0	0	0	0	0	0	0	0	0	0	0	0	0	0	0	0	0	0	0	0	0
OTU_707	0	0	0	0	0	0	0	0	0	0	0	0	0	0	0	0	0	0	0	0	0	0	0	0	0	0	0
OTU_833	0	0	0	0	0	0	0	0	0	0	0	0	0	0	0	0	0	0	0	0	0	0	0	1	0	0	0
OTU_481	0	0	0	0	0	0	0	0	0	0	1	1	0	0	0	0	0	0	0	0	1	0	0	0	0	1	0
OTU_572	1	1	1	1	2	1	1	1	1	1	1	0	1	1	0	1	1	1	1	1	2	2	1	3	1	1	3
OTU_501	0	0	0	0	0	0	0	0	0	0	0	0	0	0	0	0	0	0	0	0	0	0	0	0	0	0	0
OTU_183	0	0	0	0	1	0	0	0	0	4	0	1	0	0	0	0	0	0	0	0	0	1	0	0	0	0	0
OTU_173	4	1	2	1	1	2	3	1	1	1	2	0	3	2	2	2	1	1	1	0	3	0	2	0	1	0	0
OTU_332	0	0	0	0	2	0	0	0	0	0	0	0	0	0	0	0	0	0	0	1	0	0	0	0	0	0	0
OTU_347	0	0	0	1	1	0	0	0	1	0	0	0	1	0	0	0	1	0	0	0	0	1	0	0	0	0	0
OTU_181	2	0	1	1	1	1	1	1	1	0	0	0	1	0	1	1	1	0	1	0	1	2	0	0	1	0	1
OTU_129	1	1	1	1	3	1	2	1	2	0	1	4	1	1	1	1	2	1	1	0	1	1	1	1	0	1	0
OTU_952	0	0	0	0	0	0	0	0	0	0	0	0	0	0	0	0	0	0	1	0	0	0	0	1	0	0	0
OTU_215	1	0	1	0	0	1	0	2	1	2	1	1	1	1	1	1	1	1	0	2	1	2	1	1	0	1	0
OTU_240	0	0	0	0	1	0	1	1	0	0	0	0	0	1	0	1	0	0	0	1	0	0	0	0	0	0	0
OTU_749	1	0	1	2	1	1	1	4	3	1	3	1	1	2	2	2	1	2	1	0	2	1	0	3	2	0	1
OTU_470	2	0	4	2	2	1	2	9	2	1	1	1	1	1	3	2	1	2	1	2	1	1	0	1	1	0	0
OTU_263	1	0	1	1	0	1	1	1	1	0	0	0	1	0	1	0	0	1	1	1	1	0	0	0	0	0	0
OTU_311	2	0	2	1	1	0	1	1	1	1	1	0	1	0	1	1	0	1	0	0	1	0	0	0	0	1	1
OTU_291	0	0	0	1	0	0	0	0	0	1	1	1	0	1	0	0	2	1	0	0	0	1	0	0	1	0	0
OTU_788	1	0	1	0	2	0	1	1	3	0	2	4	2	1	0	1	1	1	1	2	0	1	1	0	1	1	1
OTU_462	0	0	0	0	1	0	0	0	0	0	0	0	0	0	0	0	0	0	0	1	0	0	0	0	0	0	0
OTU_287	0	0	0	0	0	0	0	0	0	0	0	0	1	0	0	0	0	0	0	0	0	0	0	0	0	0	0
OTU_940	0	0	0	0	0	0	0	0	0	0	0	0	0	0	0	0	0	0	0	0	0	0	0	0	0	0	0
OTU_142	1	1	0	0	0	0	1	0	0	1	1	1	1	1	1	0	1	1	0	1	1	1	1	0	0	1	1
OTU_286	0	0	0	0	0	1	0	0	0	0	0	1	0	1	0	0	0	0	0	2	0	1	0	0	0	0	0
OTU_315	0	0	0	0	1	0	1	1	0	0	0	1	0	0	0	0	0	0	1	1	0	0	0	1	0	1	0
OTU_300	1	0	0	1	0	0	1	0	1	0	0	0	1	1	0	0	0	0	1	1	0	1	0	1	3	2	0
OTU_95	3	0	1	6	2	1	3	0	1	1	0	1	2	2	2	2	2	2	10	3	2	2	0	4	6	4	4
OTU_199	1	0	0	1	2	1	1	1	1	1	1	0	1	1	1	1	1	1	1	1	1	1	0	0	1	2	4
OTU_302	0	0	1	1	0	0	1	2	0	0	0	0	0	1	1	1	0	0	0	1	1	0	0	0	1	0	1
OTU_654	0	0	0	0	0	0	1	0	0	0	0	0	0	0	0	0	0	0	0	0	1	0	0	0	0	0	0
OTU_253	0	0	1	1	1	0	0	0	0	0	0	0	0	1	1	1	0	1	1	0	0	1	0	0	1	1	0
OTU_133	0	1	1	2	0	1	0	1	1	3	0	1	1	1	0	1	1	0	0	0	1	0	0	1	1	0	0
OTU_234	0	0	1	0	0	3	1	0	0	0	0	0	0	0	0	0	0	0	0	0	0	0	0	0	1	0	0
OTU_295	1	0	1	0	0	0	0	0	0	2	0	1	0	0	1	0	0	1	0	0	0	0	0	0	0	1	0
OTU_890	0	0	0	0	0	0	0	0	0	0	0	0	0	0	0	0	0	0	0	0	0	0	0	0	0	0	0
OTU_388	0	0	0	0	0	0	0	0	0	0	0	0	0	0	0	0	1	0	0	0	0	0	0	0	0	1	0
OTU_280	0	0	0	0	0	0	0	0	0	1	0	0	0	1	0	0	0	1	0	0	0	0	0	0	0	0	0
OTU_581	0	0	0	0	0	0	0	0	0	0	0	0	0	0	0	0	0	0	0	0	0	0	0	0	0	0	0
OTU_301	1	0	0	0	1	0	1	0	0	0	1	0	0	1	0	0	0	0	0	0	0	0	0	0	0	1	0
OTU_212	1	0	0	1	0	1	0	1	0	1	0	0	1	1	0	0	0	0	1	0	1	1	0	0	0	1	0
OTU_957	0	0	0	0	0	0	0	0	0	0	0	0	0	0	0	0	0	0	0	0	0	0	0	0	0	0	0
OTU_411	0	0	0	0	0	0	0	0	0	0	1	0	0	0	0	0	0	0	0	0	0	0	0	0	0	0	0
OTU_351	0	0	0	0	0	0	0	0	0	0	1	0	0	0	0	0	0	0	0	0	0	0	0	0	0	0	0
OTU_775	1	0	0	0	1	0	0	0	0	0	0	0	0	0	0	0	0	1	0	0	1	0	1	0	0	0	0
OTU_329	0	0	0	1	0	0	0	0	1	0	2	0	0	1	0	0	0	0	0	0	0	0	1	0	0	0	0
OTU_204	0	0	1	0	0	0	0	0	1	0	2	1	0	1	0	0	0	0	0	0	1	0	0	0	0	0	0
OTU_237	1	0	1	1	1	1	1	1	1	1	2	0	1	0	1	1	1	1	1	0	1	1	1	0	0	0	0
OTU_340	0	0	0	0	0	0	0	0	0	0	0	0	0	0	0	0	0	0	1	0	0	0	0	0	0	0	0
OTU_591	0	0	0	0	0	0	0	0	0	0	0	0	0	0	0	0	0	0	0	0	0	0	0	0	0	0	0
OTU_461	0	0	0	0	0	0	0	0	0	0	0	0	0	0	0	0	0	0	0	0	0	0	0	0	0	0	0
OTU_443	0	0	0	1	0	0	0	1	0	0	1	0	0	0	0	0	1	0	0	0	1	0	1	0	1	0	0
OTU_258	1	0	0	0	0	1	1	0	0	0	0	0	1	1	0	1	0	0	0	0	1	1	0	0	0	0	1
OTU_162	1	0	1	1	0	1	0	1	1	0	1	0	1	0	1	0	1	1	0	0	0	1	0	0	0	0	1
OTU_767	0	0	0	0	0	0	0	0	0	0	0	0	0	0	0	0	0	0	1	0	0	0	0	0	0	0	0
OTU_664	0	0	0	0	0	0	0	0	0	0	0	0	0	0	0	0	0	0	0	0	0	0	0	0	0	0	0
OTU_488	0	0	1	0	0	0	0	0	0	0	0	0	0	0	0	0	0	0	0	0	0	0	0	0	0	0	0
OTU_211	1	0	1	0	0	0	1	1	0	0	0	0	1	0	0	0	0	1	1	0	0	1	0	0	0	0	0
OTU_688	0	0	0	0	0	0	0	0	0	0	0	0	0	0	0	0	0	0	0	0	0	0	0	0	0	0	0
OTU_244	1	0	1	1	0	0	3	1	1	1	0	0	0	1	0	0	0	0	0	1	1	0	0	1	0	1	1
OTU_359	1	0	0	0	0	0	1	1	0	1	0	1	0	1	0	0	0	0	0	0	0	2	1	0	0	1	1
OTU_590	0	0	0	0	0	0	0	0	0	0	0	0	0	0	0	0	0	0	0	0	0	0	0	0	1	0	0
OTU_268	0	0	1	0	0	0	0	0	0	0	0	1	0	1	0	0	1	0	0	0	0	0	1	0	0	0	0
OTU_469	1	0	0	0	0	0	0	0	0	0	0	0	0	0	0	0	1	0	0	0	0	0	0	0	0	0	0
OTU_118	1	2	3	1	0	0	1	1	1	0	1	0	1	1	1	1	1	0	0	0	1	1	1	1	1	1	1
OTU_374	1	0	0	0	0	0	0	0	0	0	0	0	0	0	0	0	0	0	0	0	0	0	0	0	0	0	0
OTU_425	0	0	1	0	0	0	0	1	0	0	1	0	0	1	0	0	0	0	0	1	0	0	0	0	0	0	0
OTU_378	0	0	0	0	0	0	0	0	0	0	0	0	0	1	0	0	0	0	0	0	0	0	0	0	1	1	0
OTU_870	0	0	0	0	0	0	0	0	0	0	0	0	0	0	0	0	0	0	1	0	0	0	0	0	0	0	0
OTU_803	0	0	0	0	0	0	0	0	0	0	0	0	0	0	0	0	0	0	0	0	0	0	0	0	0	0	0
OTU_156	1	0	1	1	0	0	2	0	1	0	0	0	1	1	1	1	0	0	0	1	1	3	1	3	1	0	1
OTU_164	0	0	1	0	1	0	1	1	0	0	0	3	1	3	2	1	1	0	0	0	0	0	1	1	0	1	1
OTU_620	0	0	1	0	0	0	0	0	0	0	0	0	0	0	0	0	0	0	0	0	0	0	0	1	0	0	0
OTU_478	0	0	0	1	0	0	0	0	0	0	0	0	0	0	0	1	1	0	0	0	0	0	0	0	0	0	0
OTU_218	1	0	1	0	0	0	0	1	0	0	0	0	1	0	1	0	0	0	0	1	0	1	0	0	0	0	0
OTU_377	0	0	0	0	0	0	1	0	1	0	0	0	0	1	0	0	0	0	0	1	0	0	0	0	0	0	0
OTU_155	1	1	0	1	0	0	1	0	0	3	0	0	1	0	1	0	0	0	0	1	1	1	0	0	0	0	0
OTU_124	1	0	1	1	2	1	4	1	2	0	0	0	1	1	0	1	1	1	0	2	0	1	1	2	1	1	1
OTU_882	0	0	0	0	0	0	0	0	0	0	0	0	0	0	0	0	0	0	0	1	0	0	0	0	0	0	0
OTU_440	1	0	0	0	1	0	0	1	0	0	0	1	0	0	1	0	0	0	0	0	0	0	1	0	0	0	0
OTU_552	0	0	0	0	0	0	0	0	0	0	0	0	0	0	0	0	0	0	0	0	0	0	0	0	0	0	0
OTU_224	1	1	1	1	0	2	1	1	1	1	2	1	1	1	1	1	1	0	0	1	1	1	1	1	2	1	0
OTU_444	0	0	0	0	1	0	0	0	0	0	0	0	1	0	0	0	0	0	0	0	0	1	0	1	0	0	0
OTU_551	0	0	0	0	0	0	0	1	0	0	0	0	0	0	0	0	0	0	0	0	1	0	0	0	0	0	0
OTU_693	0	0	0	0	0	1	0	0	0	0	0	0	0	1	0	0	1	1	0	0	1	1	1	1	1	1	0
OTU_228	0	0	0	1	0	1	0	1	1	0	0	0	1	1	0	0	1	0	0	1	0	0	0	0	0	1	0
OTU_324	0	0	0	0	0	0	0	1	0	0	0	0	0	0	0	0	0	0	0	0	0	0	0	0	1	0	0
OTU_433	0	0	0	0	0	1	0	0	0	0	0	0	1	0	0	1	0	0	0	1	0	0	0	0	1	0	0
OTU_193	0	0	0	0	3	1	1	0	0	0	0	1	1	1	0	0	1	0	0	0	1	0	0	1	1	1	0
OTU_557	0	0	0	0	0	0	0	0	0	0	0	0	0	0	0	0	0	0	0	0	0	0	0	0	0	0	0
OTU_477	0	0	0	0	0	0	0	0	0	0	0	0	0	0	0	0	0	0	0	0	0	1	0	0	1	0	0
OTU_609	0	0	0	0	0	0	0	0	0	0	0	0	0	0	0	0	0	0	1	0	0	0	0	0	0	0	0
OTU_389	0	0	0	0	0	0	0	0	0	0	0	3	0	0	0	0	0	0	0	0	0	0	0	0	0	0	0
OTU_403	0	0	0	0	0	0	0	0	0	0	0	0	0	1	0	0	0	0	0	0	0	0	1	0	0	0	0
OTU_818	0	0	0	0	0	0	0	0	0	0	1	0	0	0	0	0	0	0	0	0	0	0	0	1	0	0	0
OTU_192	1	0	0	1	0	1	0	1	1	0	0	1	0	0	1	0	0	0	0	0	0	0	0	0	0	1	0
OTU_345	0	0	0	0	1	0	1	1	0	0	0	0	0	0	1	0	0	1	0	1	0	0	1	0	0	0	0
OTU_657	0	0	0	0	1	0	0	0	0	0	0	0	0	0	0	0	0	0	0	0	0	0	0	2	0	0	0
OTU_577	0	0	0	0	0	0	0	0	0	0	0	0	0	0	0	0	0	0	0	0	0	0	0	0	0	0	0
OTU_807	0	0	0	0	0	0	0	0	0	0	0	0	0	0	0	0	0	0	0	0	0	0	0	0	0	0	0
OTU_505	0	0	0	0	0	0	0	0	0	0	0	0	0	1	1	0	0	0	0	0	0	0	0	0	0	0	0
OTU_439	0	0	0	0	0	0	0	0	0	0	0	0	0	0	0	0	0	0	0	0	0	0	0	0	0	0	0
OTU_344	0	1	1	1	1	0	1	1	1	0	3	0	2	1	2	1	2	1	1	2	2	1	1	0	1	1	0
OTU_187	1	0	1	0	1	0	0	1	0	0	1	1	1	1	1	0	1	0	1	1	1	1	0	0	2	0	0
OTU_641	0	0	1	0	0	0	0	0	0	0	0	0	0	0	0	0	0	1	0	0	0	0	0	0	0	1	0
OTU_178	0	0	0	2	0	0	0	2	0	0	2	0	1	0	0	1	0	0	1	1	1	1	1	0	1	0	0
OTU_320	0	0	1	0	0	0	0	0	0	1	0	0	0	0	0	0	0	0	0	0	0	1	0	0	0	0	0
OTU_327	0	0	0	0	0	1	0	0	0	0	0	0	0	1	0	0	0	0	0	0	0	1	1	0	0	0	0
OTU_225	0	0	0	0	2	0	0	0	0	0	0	0	0	1	1	0	0	0	0	0	1	0	0	0	0	0	0
OTU_655	0	0	0	0	0	0	0	0	0	0	0	0	0	0	0	0	0	0	0	1	0	0	0	0	0	0	0
OTU_544	0	0	0	0	0	0	0	0	0	0	0	0	0	0	0	0	0	0	0	0	0	0	0	0	0	0	0
OTU_387	0	0	0	0	0	0	0	0	0	0	0	0	0	0	1	0	0	0	0	0	0	1	0	0	1	0	0
OTU_514	0	0	0	0	0	0	0	0	0	0	0	0	0	0	0	0	0	0	0	0	0	0	0	0	0	0	0
OTU_875	0	0	0	0	0	0	0	0	0	0	0	0	0	0	0	0	0	0	0	0	0	0	0	0	0	0	0
OTU_373	0	0	0	0	0	0	0	0	0	0	0	0	0	0	0	0	0	0	0	0	0	0	0	0	0	0	0
OTU_160	2	1	2	1	1	3	1	1	1	3	1	3	1	3	3	1	2	1	1	1	3	1	5	2	0	1	4
OTU_366	0	0	0	0	0	1	0	0	0	0	0	1	0	0	0	0	1	0	0	0	0	0	0	0	0	1	0
OTU_842	0	0	0	0	0	0	0	0	0	0	0	0	0	0	0	0	0	0	0	0	0	0	0	0	0	0	0
OTU_736	0	0	0	0	0	0	0	1	0	0	0	0	0	1	0	0	0	0	0	0	0	0	0	0	1	0	0
OTU_493	1	1	1	1	1	1	1	1	1	0	1	0	1	1	0	0	0	0	1	1	0	1	0	0	0	0	0
OTU_466	0	0	1	0	0	0	0	0	0	0	0	0	0	0	0	0	0	0	0	0	0	0	0	0	0	0	0
OTU_251	0	0	1	0	0	1	0	0	0	2	0	1	0	1	1	1	0	0	1	1	0	1	0	0	0	0	0
OTU_483	0	0	0	0	1	1	0	1	0	0	0	0	0	1	0	0	0	0	0	0	0	0	0	0	0	0	0
OTU_307	0	1	0	0	0	0	0	0	0	0	0	0	0	0	0	0	0	0	0	0	0	1	0	0	0	1	0
OTU_824	0	0	0	0	0	0	0	0	0	0	0	0	0	0	0	0	0	0	0	0	0	0	0	0	0	0	0
OTU_305	1	0	0	0	1	0	0	0	0	0	0	0	1	0	0	0	0	0	0	0	1	1	0	1	0	0	0
OTU_247	0	1	0	0	0	0	0	0	0	0	0	0	0	0	0	0	0	0	1	0	0	1	0	0	0	1	0
OTU_951	0	0	0	0	0	0	0	0	0	0	0	0	0	0	0	0	0	0	0	0	0	0	0	0	0	0	0
OTU_375	0	0	0	0	0	0	0	0	0	0	0	0	0	0	0	0	0	0	0	0	1	0	0	0	0	0	0
OTU_368	0	0	1	0	1	0	0	0	0	0	0	0	0	1	0	0	0	0	0	0	0	0	0	1	0	0	0
OTU_166	1	1	1	1	0	1	0	1	0	0	0	0	0	1	0	1	1	0	0	0	0	0	0	0	0	0	0
OTU_257	0	0	0	0	0	0	0	0	0	0	0	0	0	0	1	0	0	0	1	0	0	1	0	1	0	0	0
OTU_336	0	0	0	0	0	0	0	0	1	0	0	0	0	1	0	0	0	0	0	1	0	0	0	0	0	0	0
OTU_534	0	2	1	0	0	0	0	0	0	0	0	1	0	1	0	0	0	0	1	0	1	0	0	0	0	0	0
OTU_498	0	1	0	0	0	0	0	0	0	2	0	0	0	1	0	0	0	0	0	0	0	1	1	1	0	0	0
OTU_868	0	0	0	0	0	0	0	0	0	0	0	0	0	1	0	0	0	0	0	0	0	0	0	0	0	0	0
OTU_191	1	2	0	0	0	0	1	1	0	4	0	0	1	1	0	1	0	0	1	0	1	0	0	1	0	0	0
OTU_235	0	0	1	0	0	1	1	1	1	0	0	0	1	0	1	1	0	0	0	1	0	0	0	0	0	1	0
OTU_561	0	1	0	0	0	0	0	0	0	0	0	0	0	1	0	0	0	0	0	0	0	0	0	0	0	0	0
OTU_540	1	0	1	0	0	0	0	1	1	1	0	1	1	1	1	0	0	1	0	2	1	0	1	1	3	1	1
OTU_294	0	0	0	1	0	0	0	0	0	0	0	0	0	0	0	0	0	0	0	0	0	1	0	0	0	0	0
OTU_313	0	0	0	0	0	0	0	0	0	0	0	0	0	0	0	0	1	0	0	0	0	0	0	1	0	0	0
OTU_494	0	0	0	0	0	0	0	0	1	0	0	0	0	0	0	0	0	0	0	0	0	0	0	0	0	0	0
OTU_495	1	0	1	1	0	1	1	1	0	1	1	0	0	1	0	0	0	1	0	0	0	0	0	1	1	1	0
OTU_863	0	0	0	0	0	0	0	0	0	0	0	0	0	0	0	0	0	0	0	0	0	0	0	0	0	0	0
OTU_400	0	0	0	0	0	1	1	1	0	0	0	0	0	0	0	0	0	0	0	0	0	1	1	0	1	0	0
OTU_259	1	0	2	1	1	1	1	0	2	0	1	0	2	0	1	0	0	1	1	0	1	1	1	0	0	1	0
OTU_341	0	0	0	0	1	0	0	0	0	0	0	0	0	1	0	0	0	0	0	0	0	0	0	0	0	1	0
OTU_490	0	0	0	0	0	0	1	0	0	0	0	0	0	0	0	0	0	0	0	0	0	0	0	0	0	0	0
OTU_555	0	0	0	0	0	0	0	0	0	0	0	0	0	0	0	0	0	0	0	0	0	0	0	0	0	0	1
OTU_195	1	0	1	0	0	0	0	0	1	0	1	0	1	0	0	0	1	0	0	0	1	0	1	0	0	1	0
OTU_701	0	0	0	0	0	0	0	0	0	0	0	0	0	0	0	0	0	0	0	0	0	0	0	0	0	0	0
OTU_309	1	0	1	0	0	0	0	1	0	0	0	0	0	0	0	0	0	0	0	0	0	0	0	0	0	0	0
OTU_352	1	0	1	0	0	0	0	1	1	1	0	0	1	0	0	1	1	0	0	0	0	0	0	0	0	1	0
OTU_385	0	0	0	0	0	0	0	0	0	0	0	0	0	0	0	0	0	0	0	0	0	1	1	1	0	0	0
OTU_188	0	1	1	0	0	1	0	0	2	0	1	1	1	0	1	0	0	1	0	2	0	1	1	0	0	1	0
OTU_279	1	0	1	1	0	0	1	1	1	0	0	0	0	0	1	1	1	0	0	0	0	0	0	0	0	1	0
OTU_335	1	0	0	0	1	0	0	1	0	0	1	0	0	0	0	0	0	1	0	0	1	0	1	0	0	1	1
OTU_645	1	0	0	0	0	0	0	1	0	0	1	0	0	0	0	1	0	0	0	0	0	0	0	1	0	1	0
OTU_738	0	0	0	0	0	0	0	0	0	0	0	0	0	0	0	0	0	0	0	0	0	0	0	0	0	0	0
OTU_676	0	0	1	0	0	0	0	0	0	0	0	0	0	1	0	0	0	0	0	0	1	0	0	0	0	0	0
OTU_650	0	0	0	0	0	0	0	0	0	0	0	0	0	0	0	0	0	0	1	0	0	1	0	0	0	0	0
OTU_518	0	0	0	0	0	0	0	0	0	0	0	0	0	0	0	0	0	0	0	0	0	0	0	0	0	0	0
OTU_149	2	0	1	1	2	1	1	0	1	1	0	0	0	0	1	1	0	0	1	2	0	0	0	0	0	1	1
OTU_496	0	0	0	0	1	0	0	0	0	0	0	0	0	0	0	0	0	0	1	0	0	1	0	0	1	0	0
OTU_322	1	0	1	0	0	1	1	0	1	0	0	0	1	1	1	0	0	0	0	0	0	0	0	0	1	0	0
OTU_170	0	0	0	0	1	7	0	1	0	0	0	1	0	0	0	0	0	0	0	0	0	0	0	0	0	0	0
OTU_363	0	0	0	0	0	0	0	1	0	0	0	0	0	1	0	0	0	0	0	0	0	0	0	1	1	0	0
OTU_772	0	0	0	0	0	0	0	0	0	0	0	0	0	0	0	0	0	0	0	0	0	0	0	0	0	0	0
OTU_773	0	0	0	0	0	0	0	0	0	0	0	0	0	0	0	0	0	0	0	0	0	0	0	0	0	0	1
OTU_338	0	0	0	1	0	0	0	0	0	0	0	0	0	0	0	0	0	0	0	0	0	0	0	0	0	0	0
OTU_687	0	0	0	0	1	0	0	0	0	0	0	1	0	1	0	0	0	0	0	0	0	0	0	0	0	1	0
OTU_245	0	0	1	0	1	0	1	1	0	0	1	0	1	0	1	0	0	0	0	0	0	0	1	0	2	0	0
OTU_508	0	0	0	0	0	0	1	0	1	0	0	0	0	0	0	0	0	0	0	1	0	0	0	0	0	0	0
OTU_463	0	1	0	1	0	0	0	0	0	0	2	0	0	1	0	0	0	0	0	0	0	0	0	1	0	0	0
OTU_267	0	0	0	0	1	0	0	0	0	0	0	0	1	0	0	0	0	0	0	1	0	0	1	0	0	1	0
OTU_746	0	0	0	0	0	0	0	0	0	0	0	0	0	0	0	0	0	0	0	0	0	0	0	0	0	0	0
OTU_487	0	0	0	0	0	0	0	0	1	0	0	1	0	0	0	0	0	0	0	0	0	0	1	0	0	0	0
OTU_827	0	0	0	0	0	0	0	0	0	0	0	0	0	0	0	0	0	0	0	0	0	1	0	0	0	0	0
OTU_361	0	0	0	0	0	1	0	0	1	0	0	0	1	1	0	0	0	0	1	0	0	0	0	0	0	0	0
OTU_560	0	0	0	0	0	0	0	0	0	0	0	0	0	0	0	0	0	0	0	0	0	0	0	0	0	0	0
OTU_499	0	0	0	0	0	0	0	0	0	0	0	0	0	0	0	0	0	0	0	0	1	0	0	0	0	0	0
OTU_565	0	0	0	0	0	0	0	0	0	1	0	0	0	0	0	0	0	0	0	0	0	0	0	0	0	0	0
OTU_284	0	0	1	0	0	1	1	1	0	1	0	0	0	0	0	0	0	0	1	0	0	0	1	0	0	1	0
OTU_677	0	0	0	0	0	0	0	0	0	0	0	0	0	0	0	0	0	0	0	0	0	0	0	0	0	0	0
OTU_226	0	0	1	0	0	0	0	1	0	0	0	0	0	0	0	1	0	0	0	0	0	0	0	0	0	1	0
OTU_835	0	0	0	0	0	0	0	0	0	0	0	0	0	0	0	0	0	0	0	0	0	0	0	0	0	0	0
OTU_238	0	0	1	0	0	0	0	0	0	0	0	0	0	0	0	1	0	0	1	0	0	0	0	1	0	0	1
OTU_538	0	0	0	0	0	0	0	0	0	0	0	0	0	0	0	0	0	0	0	0	1	0	0	0	0	0	0
OTU_519	0	0	0	0	0	0	0	0	0	0	0	0	0	0	0	0	0	0	0	0	0	0	0	0	0	0	0
OTU_724	0	0	0	0	0	0	0	0	0	0	0	0	0	0	0	0	1	0	0	0	0	0	0	0	0	0	0
OTU_840	0	0	0	0	0	0	0	0	0	0	0	0	0	0	0	0	0	0	0	0	0	0	0	0	0	0	0
OTU_274	0	0	0	0	0	0	1	0	0	0	0	0	0	0	0	0	0	0	0	0	0	0	0	0	0	0	0
OTU_459	0	0	0	0	0	0	0	0	0	0	0	0	0	0	0	0	0	0	0	0	0	0	0	0	0	0	0
OTU_784	0	0	0	0	0	0	0	1	0	0	0	0	0	0	0	0	0	0	0	0	0	0	0	0	0	0	0
OTU_596	0	0	0	0	1	0	0	0	0	0	0	0	0	0	0	0	0	0	1	0	0	0	0	0	0	0	0
OTU_276	0	1	1	0	0	0	0	0	0	1	0	0	0	0	0	0	0	0	0	0	0	0	1	0	0	0	1
OTU_426	0	0	0	0	0	0	0	0	0	0	0	0	0	0	0	0	0	0	0	0	0	0	0	0	0	0	0
OTU_575	0	0	0	0	0	0	1	0	1	0	0	0	0	0	0	0	0	0	0	0	0	0	0	0	0	0	0
OTU_799	0	0	0	0	0	0	0	0	0	0	0	0	0	0	0	0	0	0	0	0	0	0	0	0	0	0	0
OTU_371	0	0	0	0	0	0	0	0	0	0	0	0	0	0	0	0	0	0	0	0	0	0	0	0	0	0	0
OTU_330	1	1	1	1	0	1	0	0	0	0	0	0	0	0	0	0	0	0	0	1	0	0	1	0	1	1	0
OTU_674	0	0	0	0	1	1	0	0	0	0	0	0	0	1	0	0	0	0	1	0	0	1	0	0	0	0	0
OTU_468	1	0	0	0	0	0	1	0	0	0	0	1	0	0	0	0	0	0	1	0	0	0	0	0	0	1	0
OTU_643	0	0	0	0	0	0	0	0	0	0	0	0	0	0	0	0	0	0	1	0	0	0	0	0	0	0	0
OTU_825	0	0	0	0	0	0	0	1	0	0	0	0	0	0	0	0	0	0	0	0	0	0	0	0	0	0	0
OTU_639	0	0	0	0	0	0	0	0	0	0	0	0	0	0	0	0	0	0	0	0	0	0	0	0	0	0	0
OTU_759	0	0	0	0	0	0	0	0	0	0	0	0	0	0	0	0	0	0	0	0	0	0	0	0	0	0	0
OTU_571	0	0	0	0	0	0	0	1	0	0	0	0	0	0	0	0	0	0	0	0	0	0	0	0	1	0	0
OTU_706	0	0	1	0	0	0	0	0	0	0	0	0	0	0	0	0	0	0	0	0	0	0	0	0	0	0	0
OTU_522	0	0	0	0	0	0	0	1	0	0	0	0	1	0	0	0	0	0	0	0	0	0	0	0	0	0	0
OTU_619	0	0	0	0	1	0	0	0	0	0	0	0	0	0	0	0	0	0	0	1	0	0	0	0	0	0	0
OTU_603	0	0	1	0	0	0	0	0	0	0	0	0	0	0	0	0	0	0	0	0	0	0	0	0	1	1	0
OTU_541	0	0	0	0	0	0	1	0	0	0	0	0	0	0	0	0	0	0	0	0	0	0	0	0	0	0	0
OTU_165	2	0	0	1	0	0	1	1	0	0	1	0	1	2	1	0	0	1	0	1	1	0	0	0	1	0	0
OTU_441	0	0	0	0	0	0	0	0	0	0	0	1	0	0	0	0	0	0	0	0	0	0	0	0	0	0	0
OTU_836	0	0	0	0	0	0	0	0	0	0	0	0	0	0	0	0	0	0	0	0	0	0	0	0	0	0	0
OTU_151	1	1	2	1	1	0	1	1	1	1	0	0	0	1	0	1	0	1	0	2	0	1	1	0	1	0	0
OTU_554	0	0	0	0	0	0	0	0	0	0	0	0	0	0	0	0	0	0	0	0	0	0	0	0	0	0	0
OTU_342	0	0	0	0	0	0	0	0	0	0	0	0	0	0	0	0	0	1	0	0	0	0	1	0	0	0	0
OTU_231	0	0	1	0	0	0	0	0	1	1	0	0	0	0	0	0	1	0	0	0	0	0	0	0	0	0	0
OTU_898	0	0	1	0	0	0	0	0	0	0	0	1	0	0	0	0	0	0	0	1	0	0	0	0	0	0	0
OTU_731	0	0	0	0	0	0	0	0	0	0	0	0	0	0	0	0	0	0	0	0	0	0	0	0	0	0	0
OTU_843	0	0	0	0	0	0	0	0	0	0	0	0	0	0	0	0	0	0	0	0	0	0	0	0	0	0	0
OTU_397	0	0	0	1	0	0	0	1	0	0	0	0	0	0	0	0	0	0	0	0	0	0	0	0	0	1	0
OTU_602	0	0	0	0	0	0	0	0	0	0	0	0	0	0	0	0	0	0	0	0	0	0	0	0	0	0	0
OTU_328	0	1	0	0	0	0	0	0	0	2	0	0	0	0	0	0	0	0	0	1	0	0	0	0	0	0	0
OTU_222	0	0	0	1	0	0	1	1	1	0	0	0	0	1	0	1	2	1	1	0	1	0	1	1	0	0	0
OTU_451	0	0	0	0	0	0	0	0	0	0	0	0	0	0	0	0	0	0	0	0	0	0	0	0	0	0	0
OTU_422	0	0	1	0	0	0	1	0	0	0	0	0	0	0	0	0	0	0	1	0	0	0	0	0	0	0	0
OTU_167	0	0	1	0	1	1	2	0	1	1	0	0	1	1	1	0	1	0	0	0	0	0	0	0	0	0	0
OTU_510	0	0	0	0	0	0	0	0	0	1	0	0	0	0	0	0	0	0	0	0	0	0	0	0	0	0	0
OTU_617	0	0	0	0	2	0	0	0	0	0	0	0	0	0	0	0	0	0	0	0	0	1	0	0	0	0	0
OTU_760	0	0	0	0	0	0	0	0	0	0	0	0	0	0	0	0	0	0	0	0	0	0	0	0	0	0	0
OTU_691	0	0	0	0	0	0	0	1	0	0	0	0	0	0	0	0	0	0	0	0	0	0	0	0	0	0	0
OTU_728	0	0	0	0	0	0	0	0	0	0	0	0	0	0	0	0	0	0	0	0	0	0	0	0	0	0	0
OTU_901	0	0	0	0	0	0	0	0	0	0	0	0	0	0	0	0	0	0	0	0	0	0	0	0	0	1	0
OTU_370	0	0	0	0	0	0	0	0	0	0	0	0	0	0	0	0	0	0	1	0	0	0	0	0	0	0	0
OTU_861	0	0	0	0	0	0	0	0	0	0	0	0	0	0	0	0	0	0	0	0	0	0	0	0	0	0	0
OTU_406	0	0	0	0	1	0	0	0	0	0	0	0	0	0	0	0	0	0	0	0	0	0	1	0	0	0	0
OTU_838	0	0	0	0	0	0	0	0	0	0	0	0	0	0	0	0	0	0	0	0	0	0	0	0	0	0	0
OTU_966	0	0	0	0	0	0	0	0	0	0	0	0	0	0	0	0	0	0	1	0	0	0	0	0	0	0	0
OTU_264	0	0	0	0	0	2	0	0	0	0	0	0	1	0	0	0	0	0	1	1	0	0	1	0	0	0	1
OTU_839	0	0	0	0	0	0	0	0	0	0	0	0	0	0	0	0	0	0	0	0	0	0	0	0	0	0	0
OTU_703	0	0	0	0	0	0	0	0	0	0	0	0	0	1	0	0	0	0	0	0	0	0	1	0	0	0	1
OTU_475	0	0	0	0	0	0	0	0	0	0	0	0	0	0	0	0	0	0	0	0	0	0	0	0	0	0	0
OTU_874	0	0	0	0	0	0	0	0	0	0	0	0	0	0	0	0	0	0	0	0	0	0	0	0	0	0	0
OTU_517	0	0	0	0	0	0	0	0	0	0	0	0	0	0	0	0	0	0	1	0	0	0	0	0	0	0	0
OTU_261	0	0	1	0	1	0	0	0	0	0	0	0	1	0	0	0	0	0	0	0	0	1	0	0	0	1	0
OTU_756	0	0	0	0	0	0	0	0	0	0	0	0	0	0	0	0	0	0	0	0	0	0	0	0	0	0	0
OTU_272	0	0	0	0	0	0	1	5	0	0	0	0	0	0	0	0	0	0	1	0	0	0	0	0	1	0	0
OTU_296	0	0	0	0	0	0	0	0	0	0	0	0	0	0	0	0	0	0	0	1	0	0	0	0	0	0	0
OTU_828	0	0	0	0	0	0	0	0	0	0	0	0	0	0	0	0	0	0	0	0	0	0	0	0	0	0	0
OTU_421	0	0	0	0	0	0	0	0	0	0	0	0	0	0	0	0	0	0	0	0	0	0	0	0	0	0	0
OTU_379	0	0	0	0	0	0	0	0	0	0	1	0	0	1	0	0	0	0	0	0	0	0	1	0	0	0	0
OTU_506	0	0	0	0	0	0	0	0	0	0	0	0	0	0	0	0	0	0	1	0	1	0	0	0	0	0	0
OTU_605	0	0	0	0	0	0	0	0	0	0	0	0	0	0	0	0	0	0	0	0	0	0	0	0	0	1	0
OTU_914	0	0	0	1	1	0	0	1	0	1	0	0	0	1	0	0	0	0	0	1	1	0	0	1	0	0	0
OTU_437	0	0	0	0	0	0	0	0	0	0	0	0	0	0	0	0	0	0	0	0	0	0	0	0	0	1	0
OTU_456	0	0	0	0	0	0	0	0	0	0	0	0	0	0	0	0	0	0	0	0	0	0	0	0	0	0	0
OTU_748	0	0	1	0	0	0	0	0	0	0	0	1	0	0	1	0	1	0	1	0	0	0	0	0	0	0	0
OTU_684	0	0	1	0	0	0	0	0	0	0	0	0	0	0	0	0	0	0	0	0	0	0	0	0	0	0	0
OTU_464	0	0	0	0	1	0	0	0	0	0	0	0	0	0	0	0	0	0	0	1	0	0	0	0	0	0	0
OTU_681	0	0	0	0	0	0	0	0	0	0	0	0	2	0	0	0	0	0	0	0	0	1	0	0	1	0	0
OTU_548	0	0	0	0	0	0	0	0	0	0	0	0	0	0	0	0	0	0	0	0	0	0	0	0	0	0	0
OTU_369	0	0	1	0	0	0	0	1	0	0	0	0	0	0	0	0	0	0	0	0	0	0	0	0	0	0	0
OTU_299	0	0	1	1	0	0	1	0	0	0	1	1	1	0	0	0	0	0	1	0	1	0	0	0	0	0	0
OTU_527	0	0	0	0	0	0	0	0	0	0	0	1	0	0	0	0	0	0	0	0	0	0	0	0	0	0	0
OTU_442	0	0	0	0	0	0	0	0	0	0	0	0	0	0	0	0	0	0	0	0	0	1	0	0	0	0	0
OTU_448	0	0	0	0	0	0	0	0	0	0	0	1	0	0	0	0	0	0	0	0	0	0	0	0	0	1	0
OTU_255	0	0	0	0	0	0	0	0	0	0	0	0	0	1	0	0	0	0	0	0	1	1	0	0	0	0	0
OTU_797	0	0	0	0	0	0	0	0	0	0	0	0	0	0	0	0	0	0	0	0	0	0	0	0	0	0	0
OTU_574	0	0	0	0	0	0	0	0	0	0	0	0	0	0	0	0	0	0	0	0	0	0	0	0	1	0	0
OTU_550	0	0	0	0	0	0	0	0	0	0	0	0	0	0	0	0	0	0	0	0	0	0	0	1	0	1	0
OTU_793	0	0	0	0	0	0	0	0	0	0	0	0	0	0	0	0	0	0	0	0	0	1	0	0	0	0	0
OTU_911	0	0	0	0	0	0	0	0	0	0	0	0	0	0	0	0	0	0	0	0	0	0	0	0	0	0	0
OTU_726	0	0	0	0	0	0	0	0	0	0	0	0	0	0	0	0	0	0	0	0	0	0	0	0	0	0	0
OTU_535	0	0	0	0	0	0	0	0	0	0	0	0	0	0	0	0	0	0	0	0	0	0	0	0	0	0	0
OTU_766	0	0	0	0	0	0	0	0	0	0	0	0	0	0	0	0	0	0	0	0	0	0	0	0	0	0	0
OTU_271	0	0	0	1	1	0	0	1	0	0	3	1	0	0	0	0	0	0	0	0	0	1	0	0	0	0	0
OTU_446	0	0	1	0	0	0	0	0	0	0	0	0	0	0	1	0	0	0	0	0	0	0	0	0	0	0	0
OTU_455	0	0	0	0	0	0	0	0	0	0	0	0	0	0	0	0	0	0	0	0	0	0	0	0	0	0	0
OTU_376	0	0	0	0	2	0	0	0	1	0	0	0	0	0	0	0	0	0	0	0	0	0	0	1	0	0	0
OTU_492	0	0	0	0	0	0	0	0	0	0	0	0	0	0	0	0	0	0	0	1	0	0	0	0	0	0	0
OTU_969	0	0	0	0	0	0	0	0	0	0	0	0	0	0	0	0	0	0	0	0	0	0	0	0	0	0	0
OTU_625	0	0	0	0	0	0	0	0	0	0	0	0	0	0	0	0	0	0	0	0	0	0	0	0	0	0	0
OTU_365	0	0	0	0	0	0	0	0	0	0	0	0	0	0	0	0	0	0	0	0	0	0	0	0	0	0	0
OTU_832	0	0	0	0	0	0	0	0	0	0	0	0	0	0	0	0	0	0	0	0	0	0	0	0	0	1	0
OTU_692	0	0	0	0	0	0	0	0	0	0	0	0	0	0	0	0	0	0	0	0	0	0	0	0	0	0	0
OTU_653	0	0	0	0	1	0	0	0	0	0	0	0	0	1	0	0	0	0	0	0	0	0	0	0	0	0	0
OTU_854	0	0	0	0	0	0	0	0	0	0	0	0	0	0	0	0	0	0	0	0	0	0	0	0	0	0	0
OTU_424	0	0	0	0	0	0	0	0	0	0	0	0	1	0	0	0	0	0	1	0	0	1	0	0	1	0	1
OTU_525	0	0	0	0	1	0	1	0	0	0	0	0	0	0	1	0	0	0	0	0	0	0	0	1	0	0	0
OTU_391	0	0	0	0	0	0	1	0	0	0	0	0	0	0	0	0	0	0	0	0	0	0	0	0	0	0	0
OTU_250	0	1	0	1	0	0	0	1	0	0	1	0	1	0	1	1	1	1	0	0	0	1	0	0	1	0	0
OTU_526	0	0	0	0	0	0	0	0	0	0	0	0	0	0	0	0	0	0	0	0	0	0	0	0	0	0	0
OTU_321	1	0	0	0	0	0	0	0	0	0	0	1	0	0	0	0	0	0	0	0	0	1	0	0	0	1	0
OTU_396	0	0	0	0	0	0	0	0	0	0	0	0	0	0	0	0	0	0	0	0	0	0	0	0	0	0	0
OTU_484	0	0	0	0	0	0	0	0	0	0	0	0	0	0	0	0	0	0	0	0	0	0	0	0	0	0	0
OTU_601	0	0	0	0	0	0	0	0	0	0	0	0	0	0	0	0	0	0	0	0	0	0	0	0	0	1	0
OTU_660	0	0	0	0	0	0	0	0	0	0	0	0	0	0	0	0	0	0	0	0	0	0	0	0	0	0	0
OTU_474	0	0	0	0	0	0	0	0	0	0	0	0	0	0	0	0	0	0	0	0	0	0	0	0	0	0	0
OTU_831	0	0	0	0	0	0	0	0	0	0	0	0	0	0	0	0	0	0	0	0	0	0	0	0	0	0	0
OTU_567	0	0	0	0	0	0	1	0	0	0	0	0	0	0	0	0	0	0	0	0	0	0	0	0	0	0	0
OTU_931	0	0	0	0	0	0	0	0	0	0	0	0	0	0	0	0	0	0	0	0	0	1	0	0	0	0	0
OTU_467	0	0	0	0	0	0	0	0	0	0	0	0	0	0	0	0	0	0	0	0	0	0	0	0	0	0	0
OTU_826	0	0	0	0	0	0	0	0	0	0	0	0	0	0	0	0	0	0	0	0	0	0	0	0	0	0	0
OTU_558	0	0	0	0	0	0	0	0	0	0	0	0	0	0	0	0	0	0	0	0	0	0	0	0	0	0	0
OTU_640	0	0	0	0	0	0	0	0	0	0	0	0	0	0	0	0	0	0	0	0	0	0	0	0	0	0	0
OTU_906	0	0	0	0	0	0	0	0	0	0	0	0	0	0	0	0	0	0	0	0	0	0	0	0	0	0	0
OTU_420	0	0	0	0	0	0	0	0	0	1	0	0	0	0	0	0	0	0	0	0	0	1	0	0	0	0	0
OTU_243	1	1	1	0	0	1	0	1	0	1	0	0	0	0	0	0	1	0	1	0	0	0	1	0	0	1	0
OTU_666	0	0	0	0	0	0	1	0	0	0	0	0	0	0	0	0	0	0	0	0	0	0	0	0	0	0	0
OTU_394	0	0	1	0	0	0	0	1	0	0	0	0	0	1	0	0	0	0	0	0	0	0	0	1	0	0	0
OTU_678	0	0	0	0	0	0	0	0	0	0	0	0	0	0	0	0	0	0	1	0	0	0	0	0	0	0	0
OTU_408	0	0	0	1	0	0	0	0	0	0	1	0	0	0	0	0	0	0	0	0	0	0	0	0	0	0	0
OTU_435	0	0	1	0	0	0	0	0	0	0	0	0	0	0	0	0	0	0	0	0	0	0	0	0	0	0	0
OTU_528	0	0	0	0	0	0	0	0	0	0	0	0	0	0	0	0	0	0	0	0	0	0	0	0	0	0	0
OTU_570	0	0	0	0	0	0	0	0	0	0	0	0	0	0	0	0	0	0	0	0	0	0	0	0	0	0	0
OTU_779	0	0	0	0	0	0	0	0	0	0	0	0	0	0	0	0	0	0	0	0	0	0	0	1	0	0	0
OTU_697	0	0	0	0	0	0	0	0	0	0	0	0	0	0	0	0	0	0	0	0	0	0	0	0	0	0	0
OTU_429	0	0	0	0	0	0	0	1	0	0	0	0	0	0	0	0	0	0	0	0	0	1	0	0	0	0	0
OTU_523	0	0	0	0	0	2	1	0	0	0	0	0	0	0	0	0	0	0	0	2	0	1	0	1	0	1	0
OTU_905	0	0	0	0	0	0	0	0	0	0	0	0	0	0	0	0	0	0	0	0	0	0	0	0	0	0	0
OTU_751	0	0	0	0	0	0	0	0	0	0	0	0	0	0	0	0	0	0	0	0	0	0	0	1	0	0	0
OTU_864	0	0	0	0	0	0	0	0	0	0	0	0	0	0	0	0	0	0	0	0	0	0	0	0	0	0	0
OTU_585	0	0	0	0	0	0	0	0	0	0	0	0	0	0	0	0	0	0	0	0	0	0	0	0	0	0	0
OTU_587	0	0	0	0	0	0	0	0	0	0	0	0	0	0	0	0	0	0	0	0	0	0	0	0	0	0	0
OTU_819	0	0	1	0	0	0	0	0	0	0	0	0	0	0	0	0	0	0	0	0	0	0	0	0	0	0	0
OTU_458	0	0	0	0	0	0	0	0	0	0	0	0	0	0	0	0	0	0	0	0	0	0	0	1	0	0	0
OTU_809	0	0	0	0	0	0	0	0	0	0	0	0	0	0	0	0	0	0	0	0	0	0	0	0	0	0	0
OTU_942	0	0	0	0	0	0	0	0	0	0	0	0	0	0	0	0	0	0	0	0	0	0	0	0	0	0	0
OTU_452	0	0	0	0	0	0	0	0	0	0	0	0	0	0	0	0	0	0	0	0	0	0	0	0	0	0	0
OTU_417	0	0	0	0	0	0	0	0	0	0	0	0	0	0	0	0	0	0	0	0	0	0	0	0	0	0	0
OTU_815	0	0	0	0	0	0	0	0	0	0	0	0	0	0	0	0	0	0	0	0	0	0	0	0	0	0	0
OTU_297	0	0	0	0	0	1	0	0	0	0	0	0	0	0	0	0	0	0	0	0	0	1	0	0	0	0	0
OTU_409	0	0	0	0	0	0	0	0	0	0	0	0	0	0	0	0	0	0	0	2	0	0	0	0	0	0	0
OTU_632	0	0	0	0	0	0	0	0	0	0	0	0	0	0	0	0	0	0	0	0	0	0	0	0	0	0	0
OTU_453	0	0	0	0	0	0	0	0	0	0	0	0	0	0	0	0	0	0	0	0	0	0	0	0	0	0	0
OTU_781	0	0	0	0	0	0	0	0	0	0	0	0	0	0	0	0	0	0	0	0	0	1	0	0	0	0	0
OTU_637	0	0	0	0	0	0	0	0	0	0	0	0	0	0	0	0	0	0	0	0	0	0	0	0	0	0	0
OTU_933	0	0	0	0	0	0	0	0	0	0	0	0	0	0	0	0	0	0	0	0	0	0	0	0	0	0	0
OTU_813	0	0	0	0	0	0	0	0	0	0	0	0	0	0	0	0	0	0	0	0	0	0	0	0	0	0	0
OTU_559	0	0	0	0	0	0	0	0	1	0	0	0	0	0	0	0	0	0	0	0	0	0	0	0	0	0	0
OTU_817	0	0	0	0	0	0	0	0	0	0	0	0	0	0	0	0	0	0	1	0	0	0	0	0	0	0	0
OTU_930	0	0	0	0	0	0	0	0	0	0	0	0	0	0	0	0	0	0	0	0	0	0	0	0	0	0	0
OTU_841	0	0	0	0	0	0	0	0	0	0	0	0	0	0	0	0	0	0	0	0	0	0	0	0	0	0	0
OTU_604	0	0	0	0	1	0	0	0	0	0	0	0	0	0	0	0	0	0	0	0	0	0	0	0	0	0	0
OTU_924	0	0	0	0	0	0	0	0	0	0	0	0	0	0	0	0	0	0	0	0	0	0	0	0	0	0	0
OTU_713	0	0	0	0	0	0	0	0	0	0	0	0	0	0	0	0	0	0	0	0	0	0	0	0	0	0	0
OTU_360	0	0	0	0	0	1	0	0	0	0	0	1	0	0	0	0	0	0	0	0	0	0	0	0	0	0	0
OTU_346	0	0	0	0	0	0	0	0	0	0	0	0	0	0	0	0	0	0	0	0	0	0	0	0	0	0	0
OTU_964	0	0	0	0	0	0	0	0	0	0	0	0	0	0	0	0	0	0	0	0	0	0	0	0	0	0	0
OTU_886	0	0	0	0	0	0	0	0	0	0	0	0	0	0	0	0	0	0	0	0	0	0	0	0	0	0	0
OTU_427	0	0	0	0	0	0	0	0	0	0	0	0	0	0	0	1	0	0	0	0	0	1	0	0	0	0	0
OTU_685	0	0	0	0	0	0	0	0	0	0	0	0	0	0	0	0	0	0	0	0	0	0	0	0	0	0	0
OTU_830	0	0	0	0	0	0	0	0	0	0	0	0	0	0	0	0	0	0	0	0	0	0	0	0	0	0	0
OTU_509	0	0	0	0	1	0	0	0	0	0	0	0	0	0	0	0	0	0	0	0	0	0	0	0	0	0	0
OTU_393	0	0	1	0	0	0	0	0	0	0	0	0	0	0	0	0	0	0	0	0	0	0	0	0	0	0	0
OTU_607	0	0	0	0	0	0	0	0	0	0	0	0	0	0	0	0	0	0	0	0	0	0	0	0	0	0	0
OTU_820	0	0	0	0	0	0	0	0	0	0	0	0	0	0	0	0	0	0	0	0	0	0	0	0	0	0	0
OTU_292	1	0	1	0	1	0	0	0	0	0	0	0	0	0	0	0	0	0	0	0	1	0	1	0	0	1	0
OTU_651	0	0	0	0	0	0	0	0	0	0	0	0	0	0	0	0	0	0	0	0	0	0	0	0	0	0	0
OTU_918	0	0	0	0	0	0	0	0	0	0	0	1	0	0	0	0	0	0	0	0	0	0	0	0	0	0	0
OTU_616	0	0	0	0	0	0	0	0	0	0	0	0	0	0	0	0	0	0	0	0	0	0	0	0	0	0	0
OTU_480	0	0	0	0	0	0	0	0	0	0	0	0	0	0	0	0	0	0	0	0	0	1	0	0	0	0	0
OTU_608	0	0	0	0	0	0	0	0	0	0	0	0	0	0	1	0	0	0	0	0	0	0	0	1	0	0	0
OTU_718	0	0	0	0	0	0	0	0	0	0	0	0	0	0	0	0	0	0	1	1	0	1	0	0	0	0	0
OTU_913	0	0	0	0	0	0	1	0	0	0	0	0	0	0	0	0	0	0	0	0	0	0	1	0	0	0	0
OTU_932	0	0	0	0	0	0	0	0	0	0	0	0	0	0	0	0	0	0	0	0	0	0	0	0	0	0	0
OTU_849	0	0	0	0	0	0	0	0	0	0	0	0	0	0	0	0	0	0	0	0	0	0	0	0	0	0	0
OTU_316	0	0	0	0	0	0	0	0	0	0	0	0	0	0	0	0	0	0	0	0	0	0	0	0	0	0	0
OTU_965	0	0	0	0	0	0	0	1	0	0	0	0	0	0	0	0	0	0	0	0	0	0	0	0	0	0	0
OTU_860	0	0	0	0	0	0	0	0	0	0	0	0	0	0	0	0	0	0	0	0	0	0	0	0	0	0	0
OTU_553	0	0	0	0	0	0	0	0	0	0	0	0	0	0	0	0	0	0	0	0	0	0	0	0	0	0	0
OTU_647	0	0	0	0	0	0	0	0	0	0	0	0	0	0	0	0	0	0	0	0	0	0	0	0	0	0	0
OTU_579	0	0	0	0	0	0	0	0	0	0	0	0	0	0	0	0	0	0	0	0	0	1	0	0	0	0	0
OTU_610	0	0	0	0	0	0	0	0	0	0	0	0	0	0	0	0	0	0	0	1	0	0	0	1	0	0	0
OTU_631	0	0	0	0	0	0	1	0	0	0	0	0	0	0	0	0	0	0	0	0	0	0	0	0	0	0	0
OTU_723	0	0	0	0	0	0	0	0	0	0	0	0	0	0	0	0	0	0	0	0	0	0	0	0	0	0	0
OTU_881	0	0	0	0	0	0	0	0	0	0	0	0	0	0	0	0	0	0	0	0	0	0	0	0	0	0	0
OTU_834	0	0	0	0	0	0	0	0	0	0	0	0	0	0	0	0	0	0	0	0	0	0	0	0	0	0	0
OTU_810	0	0	0	0	0	0	0	0	0	0	0	0	0	0	0	0	0	0	0	0	0	0	0	0	0	0	0
OTU_630	0	0	0	0	0	0	0	0	0	0	0	0	0	0	0	0	0	0	0	0	0	0	0	0	1	0	0
OTU_399	0	0	0	0	0	0	0	0	0	0	0	0	0	0	0	0	0	0	0	0	0	0	0	0	0	0	0
OTU_804	0	0	0	0	0	0	0	0	0	0	0	0	0	0	0	0	0	0	0	1	0	1	0	0	0	0	0
OTU_872	0	0	0	0	0	0	0	0	0	0	0	0	0	0	0	0	0	0	0	0	0	0	0	0	0	0	0
OTU_450	0	0	0	0	0	0	0	0	1	0	0	0	0	0	0	0	0	0	0	0	0	0	0	0	0	0	0
OTU_811	0	0	0	0	0	0	0	0	0	0	0	0	0	0	0	0	0	0	0	0	0	0	0	0	0	0	0
OTU_659	0	0	0	0	0	0	0	0	0	0	0	0	0	0	0	0	0	0	0	0	0	0	0	0	0	0	0
OTU_695	0	0	0	0	0	0	0	0	0	0	0	0	0	0	0	0	0	0	0	0	0	0	0	0	0	0	0
OTU_652	0	0	0	0	0	0	0	0	0	0	0	0	0	0	0	0	0	0	0	0	0	0	0	0	0	1	0
OTU_568	0	0	0	0	0	0	1	0	0	0	0	0	0	0	0	0	0	0	0	0	0	0	0	1	0	0	0
OTU_858	0	0	0	0	0	0	0	0	0	0	0	0	0	0	0	0	0	0	0	0	0	0	0	0	0	0	0
OTU_624	0	0	0	0	0	0	0	0	0	0	0	0	0	0	0	0	0	0	0	0	0	0	0	0	0	0	0
OTU_974	0	0	0	0	0	0	0	0	0	0	0	0	0	0	0	0	0	0	0	0	0	0	0	0	0	0	0
OTU_796	0	0	0	0	0	0	0	0	0	0	0	0	0	0	0	0	0	0	0	0	0	0	0	0	0	0	0
OTU_628	0	0	0	0	0	0	0	0	0	0	0	0	0	0	0	0	0	0	0	0	0	1	0	0	0	0	0
OTU_576	0	0	0	0	0	0	0	0	0	0	0	0	0	0	0	0	0	0	0	0	0	0	0	0	1	0	0
OTU_973	0	0	0	0	0	0	0	0	0	0	0	0	0	0	0	0	0	0	0	0	0	0	0	0	0	0	0
OTU_289	0	0	0	0	0	0	0	0	0	0	0	0	1	1	0	0	0	0	0	0	0	1	0	1	0	0	0
OTU_436	0	0	0	0	0	0	0	0	0	0	0	0	0	0	0	0	0	0	0	1	0	0	0	0	0	0	0
OTU_961	0	0	0	0	0	0	0	0	0	0	0	0	0	0	0	0	0	0	0	0	0	0	0	0	0	0	0
OTU_865	0	0	0	0	0	0	0	0	0	0	0	0	0	0	0	0	0	0	0	0	0	0	0	0	0	0	0
OTU_618	0	0	0	0	0	0	0	0	0	0	0	0	0	0	0	0	0	0	0	0	0	0	0	0	0	0	0
OTU_675	0	0	0	0	0	0	0	0	0	0	0	0	0	0	0	0	0	0	0	0	0	0	0	0	0	0	0
OTU_401	0	0	0	0	1	0	0	0	0	0	0	1	0	1	0	0	0	0	1	1	0	1	1	0	0	1	0
OTU_507	0	0	0	0	0	0	1	0	0	0	0	0	0	0	0	0	0	0	0	0	0	0	0	0	0	0	0
OTU_805	0	0	0	0	0	0	0	0	0	0	0	0	0	0	0	0	0	0	0	0	0	0	0	0	1	1	0
OTU_719	0	0	0	0	0	0	0	0	0	0	0	0	0	0	0	0	0	0	0	0	0	0	0	0	0	0	0
OTU_907	0	0	0	0	0	0	0	0	0	0	0	0	0	0	0	0	0	0	0	0	0	0	0	0	0	0	0
OTU_941	0	0	0	0	0	0	0	0	0	0	0	0	0	0	0	0	0	0	0	0	0	0	0	0	0	0	0
OTU_823	0	0	0	0	0	0	0	0	0	0	0	0	0	0	0	0	0	0	0	0	0	0	0	0	0	0	0
OTU_515	0	0	0	0	0	0	0	0	0	0	0	0	0	0	0	0	0	0	1	0	0	1	0	0	0	0	3
OTU_696	0	0	1	0	0	0	0	0	0	0	0	0	0	0	0	0	0	0	1	1	0	1	0	0	1	0	0
OTU_658	0	0	0	0	0	0	1	0	0	0	0	0	0	0	0	0	0	0	0	0	0	0	0	0	0	0	0
OTU_752	0	0	0	0	0	0	0	0	0	0	0	0	0	0	0	0	0	0	0	0	0	0	0	0	0	0	0
OTU_364	0	0	0	0	0	0	0	0	0	0	0	0	0	0	0	0	0	0	0	0	0	0	0	0	0	0	0
OTU_935	0	0	0	0	0	0	0	0	0	0	0	0	0	0	0	0	0	0	0	0	0	0	0	0	0	0	0
OTU_578	0	0	0	0	0	0	0	0	0	0	0	0	0	0	0	0	0	0	0	0	0	0	0	0	0	0	0
OTU_821	0	0	0	0	0	0	0	0	0	0	0	0	0	0	0	0	0	0	0	0	0	0	0	0	0	0	0
OTU_867	0	0	0	0	0	0	0	0	0	0	0	0	0	0	0	0	0	0	0	0	0	0	0	0	0	0	0
OTU_670	0	0	0	0	0	0	0	0	0	0	0	0	0	0	0	0	0	0	0	0	0	0	0	0	0	0	0
OTU_308	0	0	0	0	0	0	0	1	0	0	0	0	0	1	0	0	0	0	0	0	0	0	0	0	0	0	0
OTU_595	0	0	0	0	0	0	0	0	0	0	0	0	0	0	0	0	0	0	0	0	0	0	0	0	0	0	0
OTU_489	0	0	0	0	0	0	0	0	0	0	0	0	0	0	0	0	0	0	0	0	0	0	0	0	0	0	0
OTU_611	0	0	0	0	0	0	0	0	0	0	0	0	0	0	0	0	0	0	0	0	0	0	0	0	0	0	0
OTU_415	0	0	0	1	0	0	0	0	0	0	0	0	0	0	0	0	0	0	0	2	0	0	0	0	0	0	0
OTU_859	0	0	0	0	1	0	0	0	0	0	0	0	0	0	0	0	0	0	0	0	0	0	0	0	0	0	0
OTU_755	0	0	0	0	0	0	0	0	0	0	0	0	0	0	0	0	0	0	0	0	0	0	0	0	0	0	0
OTU_573	0	0	0	0	0	0	0	0	0	0	0	0	0	0	0	0	0	0	0	0	0	0	0	0	0	0	0
OTU_866	0	0	0	0	0	0	0	0	0	0	0	1	0	0	0	0	0	0	0	0	0	0	0	0	0	0	0
OTU_431	0	0	0	0	0	1	0	0	0	0	0	0	0	0	0	0	0	0	0	0	0	0	0	0	0	0	0
OTU_521	0	0	0	0	0	0	0	0	0	0	0	0	0	0	0	0	0	0	0	0	0	1	0	0	0	0	0
OTU_545	0	0	0	0	0	0	0	0	0	0	0	0	0	0	0	0	0	0	1	0	0	0	0	0	0	0	0
OTU_381	0	0	0	1	0	0	0	0	0	0	0	0	0	1	0	0	0	0	0	0	0	0	0	0	0	0	0
OTU_725	0	0	0	0	0	0	0	0	0	0	0	0	0	1	0	0	0	0	0	0	0	0	0	1	0	1	0
OTU_339	0	0	0	0	0	0	0	0	0	0	0	0	0	0	0	0	0	0	0	0	0	0	0	0	0	0	0
OTU_626	0	1	0	0	0	0	0	0	0	0	0	0	0	0	0	0	0	0	1	0	0	0	0	0	0	0	0
OTU_580	0	0	0	0	0	0	0	0	0	0	0	0	0	0	0	0	0	0	0	0	0	0	0	0	0	0	0
OTU_700	0	0	0	0	0	0	0	0	0	0	0	0	0	0	0	0	0	0	0	0	0	0	0	0	0	0	0
OTU_472	0	0	0	0	0	0	0	1	0	0	0	0	0	0	0	0	0	0	0	0	0	0	0	0	0	0	0
OTU_857	0	0	0	0	0	0	0	0	0	0	0	0	0	0	0	0	0	0	0	0	0	0	0	0	0	0	0
OTU_542	0	0	0	0	0	0	0	0	0	0	0	0	0	0	0	0	0	0	0	0	0	0	0	0	0	0	0
OTU_454	0	0	0	0	0	0	0	0	0	0	0	0	0	0	0	0	1	0	0	0	0	0	0	0	0	0	0
OTU_511	0	0	0	0	0	0	0	0	0	0	0	0	0	0	0	0	0	0	0	0	0	0	0	0	0	0	0
OTU_543	0	0	0	0	0	0	0	0	0	0	0	0	0	0	0	0	0	0	0	0	0	0	0	0	0	0	0
OTU_520	0	0	0	0	0	0	0	0	0	0	0	0	0	0	0	0	0	0	1	0	0	0	0	0	0	0	0
OTU_566	0	0	0	0	0	0	0	0	0	0	0	0	0	0	0	0	0	0	0	0	0	0	0	0	1	0	0
OTU_912	0	0	0	0	0	0	0	0	0	0	0	0	0	0	0	0	0	0	0	0	0	0	0	0	0	0	0
OTU_774	0	0	0	0	0	0	0	0	0	0	0	0	0	0	0	0	0	0	0	0	0	0	0	0	0	0	0
OTU_644	0	0	0	0	0	0	0	1	0	0	0	0	0	0	0	0	0	0	0	0	0	0	0	0	0	0	0
OTU_533	0	0	0	0	0	0	0	0	0	0	0	0	0	0	0	0	0	0	0	0	0	0	0	1	0	0	0
OTU_689	0	0	0	0	0	0	0	0	0	0	0	0	0	0	0	0	0	0	0	0	0	0	0	0	0	0	0
OTU_500	0	0	0	0	0	0	0	0	0	0	0	0	0	0	0	0	0	0	0	0	0	0	0	0	0	0	0
OTU_669	0	0	0	0	0	0	0	0	0	0	0	0	0	0	0	0	0	0	0	0	0	0	0	1	0	0	0
OTU_634	0	0	0	0	0	0	0	0	0	0	0	0	0	0	0	0	0	0	0	0	0	0	0	0	0	0	0
OTU_622	0	0	0	0	0	0	0	0	0	0	0	0	0	0	0	0	0	0	0	0	0	0	0	0	0	0	0
OTU_564	0	0	0	0	0	0	0	0	0	0	0	0	0	0	0	0	0	0	0	0	0	0	0	0	0	0	0
OTU_862	0	0	0	0	0	0	0	0	0	0	0	0	0	0	0	0	0	0	0	0	0	0	0	0	0	0	0
OTU_850	0	0	0	0	0	0	0	0	0	0	0	0	0	0	0	0	0	0	0	0	0	0	0	0	0	0	0
OTU_846	0	0	0	0	0	0	0	1	0	0	0	0	0	0	0	0	0	0	0	0	0	0	0	0	0	0	0
OTU_547	0	0	0	0	0	0	0	0	0	0	0	0	0	0	0	0	0	0	0	0	0	0	0	0	0	0	0
OTU_354	0	0	0	0	0	0	0	2	0	0	0	0	0	0	0	0	0	0	0	0	0	0	0	0	0	0	0
OTU_889	0	0	0	0	0	0	0	0	0	0	0	0	0	0	0	0	0	0	0	0	0	0	0	0	0	0	0
OTU_588	0	0	0	0	0	0	0	0	0	0	0	0	0	0	0	0	0	0	0	0	0	0	0	0	0	0	0
OTU_636	0	0	0	0	0	0	0	0	0	0	0	0	0	0	0	0	0	0	0	0	0	0	0	0	0	0	0
OTU_680	0	0	1	0	0	0	0	0	0	0	0	0	0	0	0	0	0	0	0	0	0	0	0	0	0	0	0
OTU_504	0	0	0	0	0	0	0	0	0	0	1	0	0	0	0	0	0	0	0	0	0	0	0	0	0	0	0
OTU_358	0	0	0	0	0	0	0	0	0	0	0	0	0	0	1	0	1	0	0	0	0	0	0	0	0	0	0
OTU_923	0	0	0	0	0	0	0	0	0	0	0	0	0	0	0	0	0	0	0	0	0	0	0	0	0	0	0
OTU_649	0	0	0	0	0	0	0	0	0	0	0	0	0	0	0	0	0	0	0	0	0	0	0	0	0	0	0
OTU_903	0	0	0	0	0	0	0	0	0	0	0	0	0	0	0	0	0	0	0	0	0	0	0	0	0	0	0
OTU_953	0	0	0	0	0	0	0	0	0	0	0	0	0	0	0	0	0	0	0	0	0	0	0	0	0	0	0
OTU_921	0	0	0	0	0	0	0	0	0	0	0	0	0	0	0	0	0	0	0	0	0	0	0	0	0	0	0
OTU_709	0	0	0	0	0	0	0	0	0	0	0	0	0	0	0	0	0	0	0	0	0	0	0	0	0	0	0
OTU_844	0	0	0	0	0	0	0	0	0	0	0	0	0	0	0	0	0	0	0	0	0	0	0	0	0	0	0
OTU_798	0	0	0	0	0	0	0	0	0	0	0	0	0	0	0	0	0	0	0	0	0	0	0	0	0	1	0
OTU_606	0	0	0	0	0	0	0	0	0	0	0	0	0	0	0	0	0	0	0	0	0	0	0	0	0	1	0
OTU_690	0	0	0	0	0	0	0	0	0	0	0	1	0	0	0	0	0	0	0	0	0	0	0	0	0	0	0
OTU_919	0	0	0	0	0	0	0	0	0	0	0	0	0	0	0	0	0	0	0	0	0	0	0	0	0	0	0
OTU_434	0	0	0	0	0	0	1	0	0	0	0	0	0	0	0	0	0	0	0	0	0	0	0	0	0	0	0
OTU_853	0	0	0	0	0	0	0	0	0	0	0	0	0	0	0	0	0	0	0	0	0	0	0	0	0	0	0
OTU_847	0	0	0	0	0	0	0	0	0	0	0	0	0	0	0	0	0	0	0	0	0	0	0	0	0	0	0
OTU_822	0	0	0	0	0	0	0	0	0	0	0	0	0	0	0	0	0	0	0	0	0	0	0	0	0	0	0
OTU_926	0	0	0	0	0	0	0	0	0	0	0	0	0	0	0	0	0	0	0	0	0	0	0	0	0	0	0
OTU_876	0	0	0	0	0	0	0	0	0	0	0	0	0	0	0	0	0	0	0	0	0	0	0	0	0	0	0
OTU_416	0	0	0	0	0	0	0	0	0	0	0	0	0	0	0	0	0	0	0	0	0	0	0	0	0	0	0
OTU_856	0	0	0	0	0	0	0	0	0	0	0	0	0	0	0	0	0	0	0	0	0	0	0	0	0	0	0
OTU_902	0	0	0	0	0	0	0	0	0	0	0	0	0	0	0	0	0	0	0	0	0	0	0	0	0	0	0
OTU_869	0	0	0	0	0	0	0	0	0	0	0	0	0	0	0	0	0	0	0	0	0	0	0	0	0	0	0
OTU_419	0	0	0	0	0	0	0	0	0	0	1	0	0	0	0	0	0	0	0	0	0	0	0	0	0	0	0
OTU_449	0	0	0	0	0	0	0	0	0	0	0	0	0	0	0	0	0	0	0	0	0	0	0	0	0	0	1
OTU_549	0	0	0	0	0	0	0	0	0	0	0	0	0	0	0	0	0	0	0	0	0	0	0	0	0	0	0
OTU_975	0	0	0	0	0	0	0	0	0	0	0	1	0	0	0	0	0	0	1	0	0	0	0	0	0	0	0
OTU_667	0	0	0	0	0	0	0	0	0	0	0	0	0	0	0	0	0	0	0	0	0	0	0	0	0	0	0
OTU_852	0	0	0	0	0	0	0	0	0	0	0	0	0	0	0	0	0	0	0	0	0	0	0	1	0	0	0
OTU_663	0	0	0	0	0	0	0	0	0	0	0	0	0	0	0	0	0	0	0	0	0	0	0	0	0	0	0
OTU_563	0	0	0	0	0	0	0	0	0	0	0	0	0	0	0	0	0	0	0	0	0	0	0	1	0	0	0
OTU_708	0	0	0	0	0	0	0	0	0	0	0	0	0	0	0	0	0	0	0	0	0	0	0	0	0	0	0
OTU_944	0	0	0	0	0	0	0	0	0	0	0	0	0	0	0	0	0	0	0	0	0	0	0	0	0	0	0
OTU_592	0	0	0	0	0	0	0	0	0	0	0	0	0	0	0	0	0	0	0	0	0	0	0	0	0	0	0
OTU_382	0	0	0	0	0	0	0	0	0	0	0	0	0	0	0	0	0	0	0	0	0	0	0	0	0	0	0
OTU_971	0	0	0	0	0	0	0	0	0	0	0	0	0	0	0	0	0	0	0	0	0	0	0	0	0	0	0
OTU_782	0	0	0	0	0	0	0	0	0	0	0	0	0	0	0	0	0	0	0	0	0	0	0	0	0	0	0
OTU_778	0	0	0	0	0	0	0	0	0	0	0	0	0	0	0	0	0	0	0	0	0	0	0	0	0	0	0
OTU_937	0	0	0	0	0	0	0	0	0	0	0	0	0	0	0	0	0	0	0	0	0	0	0	0	0	0	0
OTU_686	0	0	0	0	0	0	0	0	0	0	0	0	0	0	0	0	0	0	0	0	0	0	0	0	0	0	0
OTU_949	0	0	0	0	0	0	0	1	0	0	0	0	0	0	0	0	0	0	0	0	0	0	0	0	0	0	0
OTU_460	0	0	0	0	0	0	0	0	0	0	0	0	0	0	1	1	0	0	0	0	0	0	0	0	0	0	0
OTU_765	0	0	0	0	0	0	0	0	0	0	0	0	0	0	0	0	0	0	0	1	0	0	0	0	0	0	1
OTU_734	0	0	0	0	0	0	0	0	0	0	0	0	0	0	0	0	0	0	0	0	0	0	0	0	0	0	0
OTU_880	0	0	0	0	0	0	0	0	0	0	0	0	0	0	0	0	0	0	0	0	0	0	0	0	0	0	0
OTU_732	0	0	0	0	0	0	0	0	0	0	0	0	0	0	0	0	0	0	0	1	0	1	0	0	0	0	0
OTU_968	0	0	0	0	0	0	0	0	0	0	0	0	0	0	0	0	0	0	0	0	0	0	0	0	0	0	0
OTU_682	0	0	0	0	0	0	0	0	0	0	0	0	0	0	0	0	0	0	0	0	0	0	0	0	0	0	0
OTU_910	0	0	0	0	0	0	0	0	0	0	0	0	0	0	0	0	0	0	0	0	0	0	0	0	0	0	0
OTU_530	0	0	0	0	0	0	0	0	0	0	0	0	0	0	0	0	0	0	0	0	0	0	0	0	0	0	0
OTU_671	0	0	0	0	0	0	0	0	0	0	0	0	0	0	0	0	0	0	0	0	0	0	0	0	0	0	0
OTU_936	0	0	0	0	1	0	0	0	0	0	0	0	0	0	0	0	0	0	0	0	0	0	0	0	0	0	0
OTU_704	0	0	0	0	0	0	0	0	0	0	0	0	0	0	0	0	0	0	0	0	0	0	0	0	0	0	0
OTU_569	0	0	0	0	0	0	0	0	0	0	0	0	0	0	0	0	0	0	0	0	0	1	0	0	0	0	0
OTU_896	0	0	0	0	0	0	0	0	0	0	0	0	0	0	0	0	0	0	0	0	0	0	0	0	0	0	0
OTU_646	0	0	0	0	0	0	0	0	0	0	0	0	0	0	0	0	0	0	0	0	0	0	0	0	0	0	0
OTU_777	0	0	0	0	0	0	0	0	0	0	0	0	0	0	0	0	0	0	0	0	0	0	0	0	0	0	0
OTU_479	0	0	0	0	0	0	0	0	0	0	0	0	0	0	0	0	0	0	0	0	0	0	0	0	0	0	0
OTU_764	0	0	0	0	0	0	0	0	0	0	0	0	0	0	0	0	0	0	0	0	0	0	0	0	0	0	0
OTU_801	0	0	0	0	0	0	0	0	0	0	0	0	0	0	0	0	0	0	0	0	0	0	0	1	0	0	0
OTU_791	0	0	0	0	0	0	0	0	0	0	0	0	0	0	0	0	0	0	0	0	0	0	0	0	0	0	0
OTU_845	0	0	0	0	0	0	0	0	0	0	0	0	0	0	0	0	0	0	0	0	0	0	0	0	0	0	0
OTU_614	0	0	0	0	0	0	0	0	0	0	0	0	0	0	0	0	0	0	0	0	0	0	0	0	0	0	1
OTU_753	0	0	0	0	0	0	0	0	0	0	0	0	0	0	0	0	0	0	0	0	0	0	0	0	0	0	0
OTU_502	0	0	0	0	0	0	0	0	0	0	0	0	0	0	0	0	0	0	0	0	0	0	0	0	0	0	0
OTU_806	0	0	0	0	0	0	0	0	0	0	0	0	0	0	0	0	0	0	0	0	0	0	0	0	0	0	0
OTU_962	0	0	0	0	0	0	0	0	0	0	0	0	0	0	0	0	0	0	0	0	0	0	0	0	0	0	0
OTU_955	0	0	0	0	0	0	0	0	0	0	0	0	0	0	0	0	0	0	0	0	0	0	0	0	0	0	0
OTU_754	0	0	0	0	0	0	0	0	0	0	0	0	0	0	0	0	0	0	0	0	0	0	0	0	0	0	0
OTU_642	0	0	0	0	0	0	0	0	0	0	0	0	0	0	0	0	0	0	0	0	0	0	0	0	0	0	0
OTU_710	0	0	0	0	0	0	0	0	0	0	0	0	0	0	0	0	0	0	0	0	0	0	0	0	0	0	0
OTU_958	0	0	0	0	0	0	0	0	0	0	0	0	0	0	0	0	0	0	0	0	0	0	0	0	0	0	0
OTU_673	0	0	0	0	0	0	0	0	0	0	0	0	0	0	0	0	0	0	0	0	0	0	0	0	0	0	0
OTU_757	0	0	0	0	0	0	0	0	0	0	0	0	0	0	0	0	0	0	0	0	0	0	0	0	0	0	0
OTU_776	0	0	0	0	0	0	0	0	0	0	0	0	0	0	0	0	0	0	0	0	0	0	0	0	0	0	0
OTU_742	0	0	0	0	0	0	0	0	0	0	0	0	0	0	0	0	0	0	0	0	0	0	0	0	0	0	0
OTU_758	0	0	0	0	0	0	0	0	0	0	0	0	0	0	0	0	0	0	0	0	0	0	0	0	0	0	0
OTU_954	0	0	0	0	0	0	0	0	0	0	0	0	0	0	0	0	0	0	0	0	0	0	0	0	0	0	0
OTU_771	0	0	0	0	0	0	0	0	0	0	0	0	0	0	0	0	0	0	0	0	0	0	0	0	0	0	0
OTU_702	0	0	0	0	0	0	0	0	0	0	0	0	0	0	0	0	0	0	0	0	0	0	0	0	0	0	0
OTU_621	0	0	0	0	0	0	0	0	0	0	0	0	0	0	0	0	0	0	0	0	0	0	0	1	0	1	0
OTU_745	0	0	0	0	0	0	0	0	0	0	0	0	0	0	0	0	0	0	0	0	0	0	0	0	0	0	0
OTU_546	0	0	0	0	0	0	0	0	0	0	0	0	0	0	0	0	0	0	0	0	0	0	0	0	1	0	0
OTU_762	0	0	0	0	0	0	0	0	0	0	0	0	0	0	0	0	0	0	0	0	0	0	0	1	0	0	0
OTU_524	0	0	0	0	0	0	0	0	0	0	0	0	0	0	0	0	0	0	0	0	0	0	0	0	0	0	0
OTU_648	0	0	0	0	0	0	0	0	0	0	0	0	0	0	0	0	0	0	0	0	0	0	0	0	0	0	0
OTU_744	0	0	0	0	0	0	0	0	0	0	0	0	0	0	0	0	0	0	0	0	0	0	0	0	0	0	0
OTU_665	0	0	0	0	0	0	0	0	0	0	0	0	0	0	0	0	0	0	0	0	0	0	0	1	0	0	0
OTU_945	0	0	0	0	0	0	0	0	0	0	0	0	0	0	0	0	0	0	0	0	0	0	0	0	0	0	0
OTU_883	0	0	0	0	0	0	0	0	0	0	0	0	0	0	0	0	0	0	0	0	0	0	0	0	0	0	0
OTU_597	0	0	0	0	0	0	0	0	0	0	0	0	0	0	0	0	0	0	0	0	1	0	0	0	0	0	0
OTU_683	0	0	0	0	0	0	0	0	0	0	0	0	0	0	0	0	0	0	0	0	0	0	0	0	0	0	0
OTU_720	0	0	0	0	0	0	0	0	0	0	0	0	0	0	0	0	0	0	0	0	0	0	0	0	0	0	0
OTU_656	0	0	0	0	0	0	0	0	0	0	0	0	0	0	0	0	0	0	0	0	0	0	0	0	0	0	0
OTU_909	0	0	0	0	0	0	0	0	0	0	0	0	0	0	0	0	0	0	0	0	0	0	0	0	0	0	0
OTU_963	0	0	0	0	0	0	0	0	0	0	0	0	0	0	0	0	0	0	0	0	0	0	0	0	0	0	0
OTU_722	0	0	0	0	0	0	0	0	0	0	0	0	0	0	0	0	0	0	0	0	0	0	0	0	0	0	0
OTU_960	0	0	0	0	0	0	0	0	0	0	0	0	0	0	0	0	0	0	0	0	0	0	0	0	0	0	0
OTU_699	0	0	0	0	0	0	0	0	1	0	0	0	0	0	0	0	0	0	0	0	0	0	0	0	0	0	0
OTU_967	0	0	0	0	0	0	0	0	0	0	0	0	0	0	0	0	0	0	0	0	0	0	0	0	0	0	0
OTU_939	0	0	0	0	0	0	0	0	0	0	0	0	0	0	0	0	0	0	0	0	0	0	0	0	0	0	0
OTU_714	0	0	0	0	0	0	0	0	0	0	0	0	0	0	0	0	0	0	0	0	0	0	0	0	0	0	0
OTU_613	0	0	0	0	0	0	0	0	0	0	0	0	0	0	0	0	0	0	0	0	0	0	0	0	1	0	0
OTU_717	0	0	0	0	0	0	0	0	0	0	0	0	0	0	0	0	1	0	0	0	0	0	0	0	0	0	0
OTU_904	0	0	0	0	0	0	0	0	0	0	0	0	0	0	0	0	0	0	0	0	0	0	0	0	0	0	0
OTU_584	0	0	0	0	0	0	0	0	0	0	0	0	0	0	0	0	0	0	0	0	0	0	0	0	0	0	0
OTU_816	0	0	0	0	0	0	0	0	0	0	0	0	0	0	0	0	0	0	0	0	0	0	0	0	0	0	0
OTU_598	0	0	0	0	0	0	0	0	0	0	0	0	0	0	0	0	0	0	0	0	1	0	0	0	0	0	0
OTU_768	0	0	0	0	0	0	0	0	0	0	0	1	0	0	0	0	0	0	0	0	0	0	0	0	0	0	0
OTU_802	0	0	0	0	0	0	0	0	0	0	0	0	0	0	0	0	0	0	0	0	0	0	0	0	0	0	0
OTU_885	0	0	0	0	0	0	0	0	0	0	0	0	0	0	0	0	0	0	0	0	0	0	0	0	0	0	0
OTU_808	0	0	0	0	0	0	0	0	0	0	0	0	0	0	0	0	0	0	0	0	0	0	0	0	0	0	0
OTU_928	0	0	0	0	0	0	0	0	0	0	0	0	0	0	0	0	0	0	0	0	0	0	0	0	0	0	0
OTU_877	0	0	0	0	0	0	0	0	0	0	0	0	0	0	0	0	0	0	0	0	0	0	0	0	0	0	0
OTU_740	0	0	0	0	0	0	0	0	0	0	0	0	0	0	0	0	0	0	0	0	0	0	0	0	0	0	0
OTU_894	0	0	0	0	0	0	0	0	0	0	0	0	0	0	0	0	0	0	0	0	0	0	0	0	0	0	0
OTU_970	0	0	0	0	0	0	0	0	0	0	0	0	0	0	0	0	0	0	0	0	0	0	0	0	0	0	0
OTU_871	0	0	0	0	0	0	0	0	0	0	0	0	0	0	0	0	0	0	0	0	0	0	0	0	0	0	0
OTU_698	0	0	0	0	0	0	0	0	0	0	0	0	0	0	0	0	0	0	0	0	0	0	0	0	0	0	0
OTU_586	0	0	0	0	0	0	0	0	0	0	0	0	0	0	0	0	0	0	0	0	0	0	0	0	0	0	0
OTU_900	0	0	0	0	0	0	0	0	0	0	0	0	0	0	0	0	0	0	0	0	0	0	0	0	0	0	0
OTU_916	0	0	0	0	0	0	0	0	0	0	0	0	0	0	0	0	0	0	0	0	0	0	0	0	0	0	0
OTU_694	0	0	0	0	0	0	0	0	0	0	0	0	0	0	0	0	0	0	0	0	0	0	0	0	0	0	0
OTU_739	0	0	0	0	0	0	0	0	0	0	0	0	0	0	0	0	0	0	0	0	0	0	0	0	0	0	0
OTU_925	0	0	0	0	0	0	0	0	0	0	0	0	0	0	0	0	0	0	0	0	0	0	0	0	0	0	0
OTU_735	0	0	0	0	0	0	0	0	0	0	0	0	0	0	0	0	0	0	0	0	0	0	0	0	0	0	0
OTU_920	0	0	0	0	0	0	0	0	0	0	0	0	0	0	0	0	0	0	0	0	0	0	0	0	0	0	0
OTU_899	0	0	0	0	0	0	0	0	0	0	0	0	0	0	0	0	0	0	0	0	0	0	0	0	0	0	0
OTU_795	0	0	0	0	0	0	0	0	0	0	0	0	0	0	0	0	0	0	0	0	0	0	0	0	0	0	0
OTU_529	0	0	0	0	0	0	0	0	0	0	0	0	0	0	0	0	0	0	0	0	0	0	0	0	0	0	0
OTU_730	0	0	0	0	0	0	0	0	0	0	0	0	0	0	0	0	0	0	0	0	0	0	0	0	0	0	0
OTU_668	0	0	0	0	0	0	0	0	0	0	0	0	0	0	0	0	0	0	0	0	0	0	0	0	0	1	0
OTU_785	0	0	0	0	0	0	0	0	0	0	0	0	0	0	0	0	0	0	0	0	0	0	0	0	0	0	0
OTU_672	0	0	0	0	0	0	0	0	0	0	0	0	0	0	0	0	0	0	0	0	0	0	0	0	0	0	0
OTU_895	0	0	0	0	0	0	0	0	0	0	0	0	0	0	0	0	0	0	0	0	0	0	0	0	0	0	0
OTU_770	0	0	0	0	0	0	0	0	0	0	0	0	0	0	0	0	0	0	0	0	0	0	0	0	0	0	0
OTU_532	0	0	0	0	0	0	0	0	0	0	0	0	0	0	0	0	0	0	0	0	0	0	0	0	0	0	0
OTU_878	0	0	0	0	0	0	0	0	0	0	0	0	0	0	0	0	0	0	0	0	0	0	0	0	0	0	0
OTU_915	0	0	0	0	0	0	0	0	0	0	0	0	0	0	0	0	0	0	0	0	0	0	0	0	0	0	0
OTU_792	0	0	0	0	0	0	0	0	0	0	0	0	0	0	0	0	0	0	0	0	0	0	0	0	0	0	0
OTU_705	0	0	0	0	0	0	0	0	0	0	0	0	0	0	0	0	0	0	0	0	0	0	0	0	0	0	0
OTU_873	0	0	0	0	0	0	0	0	0	0	0	0	0	0	0	0	0	0	0	0	0	1	0	0	0	0	0
OTU_447	0	0	0	0	0	0	0	0	0	0	0	0	0	0	0	0	0	0	0	0	0	0	0	1	0	0	0
OTU_959	0	0	0	0	0	0	0	0	0	0	0	0	0	0	0	0	0	0	0	0	0	0	0	0	0	0	0
OTU_812	0	0	0	0	0	0	0	0	0	0	0	0	0	0	0	0	0	0	0	0	0	0	0	0	0	0	1
OTU_897	0	0	0	0	0	0	0	0	0	0	0	0	0	0	0	0	0	0	0	0	0	0	0	0	0	0	0
OTU_892	0	0	0	0	0	0	0	0	0	0	0	0	0	0	0	0	0	0	0	0	0	0	0	0	0	0	0
OTU_633	0	0	0	0	0	0	0	0	0	0	0	0	0	0	0	0	0	0	0	0	0	0	0	0	0	0	0
OTU_879	0	0	0	0	0	0	0	0	0	0	0	0	0	0	0	0	0	0	0	0	0	0	0	0	0	0	0
OTU_956	0	0	0	0	0	0	0	0	0	0	0	0	0	0	0	0	0	0	0	0	0	0	0	0	0	0	0
OTU_386	0	0	0	0	0	0	0	0	0	0	0	0	0	0	0	0	0	0	0	0	0	0	0	0	0	0	0
OTU_750	0	0	0	0	0	0	0	0	0	0	0	0	0	0	0	0	0	0	0	0	0	0	0	0	0	0	0
OTU_582	0	0	0	0	0	0	0	0	0	0	0	1	0	0	0	0	0	0	0	0	0	0	0	0	0	0	0
OTU_794	0	0	0	0	0	0	0	0	0	0	0	0	0	0	0	0	0	0	0	0	0	0	0	0	0	0	0
OTU_786	0	0	0	0	0	0	0	0	0	0	0	1	0	0	0	0	0	0	0	0	0	0	0	0	0	0	0
OTU_934	0	0	0	0	0	0	0	0	0	0	0	0	0	0	0	0	0	0	0	1	0	0	0	0	0	0	0
OTU_917	0	0	0	0	0	0	0	1	0	0	0	0	0	0	0	0	0	0	0	0	0	0	0	0	0	0	0
OTU_855	0	0	0	0	0	0	0	0	0	0	0	0	0	1	0	0	0	0	0	0	0	0	0	0	0	0	0
OTU_789	0	0	0	0	0	0	0	0	0	0	0	0	0	0	0	0	0	0	0	0	0	0	0	0	0	0	0
OTU_497	0	0	0	0	0	0	0	0	0	0	0	0	0	0	0	0	0	0	0	0	0	0	0	0	0	0	0
OTU_721	0	0	0	0	0	0	0	0	0	0	0	0	0	0	0	0	0	0	0	0	0	0	0	0	0	0	0
OTU_884	0	0	0	0	0	0	0	0	0	0	0	0	0	0	0	0	0	0	0	0	0	0	0	0	0	0	0
OTU_893	0	0	0	0	0	0	0	0	0	0	0	0	0	0	0	0	0	0	0	0	0	0	0	0	0	0	0
OTU_787	0	0	0	0	0	0	1	0	0	0	0	0	0	0	0	0	0	0	0	0	0	0	0	0	0	1	0
OTU_950	0	0	0	0	0	0	0	0	0	0	0	0	0	0	0	0	0	0	0	0	0	0	0	0	0	0	0
OTU_761	0	0	0	0	0	0	0	0	0	0	0	0	0	0	0	0	0	0	0	0	0	0	0	0	0	0	0
OTU_891	0	0	0	0	0	0	0	0	0	0	0	0	0	0	0	0	0	0	0	0	0	0	0	0	0	0	0
OTU_733	0	0	0	0	0	0	0	0	0	0	0	0	0	0	0	0	0	0	0	0	0	0	0	0	0	0	0
