# Constructed from biom file
#OTU ID	KO6	WT8	KO2	KO5	OE2	WT1	WT2	WT4	KO7	KO3	WT6	OE4	KO9	WT3	KO1	KO4	WT5	KO8	OE6	OE5	WT7	OE7	WT9	OE1	OE8	OE9	OE3
k__Archaea;p__Crenarchaeota;c__Thaumarchaeota;o__Nitrososphaerales	0.00208776984425	0.000660229429727	0.00437326063497	0.00214527662778	0.00126063662149	0.00136169109065	0.00533855926477	0.00448886760833	0.000664933808862	0.0011681268252	0.000838222967309	0.000850340136054	0.00208838025228	0.00269993482916	0.00180892402519	0.0014549732223	0.000824193241615	0.00157798165138	0.00116577290744	0.000803643182427	0.00350144771396	0.000964320154291	0.00197355437142	0.000599340725202	0.000970559689421	0.000430292598967	0.000849978750531
k__Archaea;p__Euryarchaeota;c__Methanomicrobia;o__Methanosarcinales	0.0	0.0	0.0	0.0	0.0	0.0	0.0	0.000119703136222	0.0	0.0	0.0	0.0	0.0	0.0	0.0	0.0	0.0	0.0	0.0	0.0	0.0	0.0	0.0	0.0	0.0	0.0	0.0
k__Bacteria;Other;Other;Other	0.00025053238131	0.000330114714863	0.000397569148634	0.000112909296199	0.0	0.000259369731552	6.7576699554e-05	0.000179554704333	0.000272018376353	0.000278125434571	0.000698519139424	0.0	0.000306295770334	0.000372404804022	0.000133994372236	0.000309568770702	0.000253597920497	0.000110091743119	0.000233154581488	0.0	0.000404013197764	0.0	0.000460496019999	0.0	0.0	0.0	0.000849978750531
k__Bacteria;p__Acidobacteria;c__Acidobacteria-5;o__	4.1755396885e-05	0.0	0.00028397796331	0.0	0.0	0.0	0.000202730098662	0.0	0.000120897056157	2.78125434571e-05	0.0	0.0	5.56901400607e-05	0.0	0.000133994372236	3.09568770702e-05	0.0	0.000146788990826	0.0	0.0	6.73355329607e-05	0.0	0.000197355437142	0.0	0.000323519896474	0.000215146299484	0.0
k__Bacteria;p__Acidobacteria;c__Acidobacteria-6;o__BPC015	0.0	0.0	5.6795592662e-05	0.0	0.0	0.0	0.0	0.0	0.0	2.78125434571e-05	0.0	0.0	0.0	0.0	0.0	3.09568770702e-05	0.000126798960249	0.0	0.0	0.0	6.73355329607e-05	0.0	0.0	0.0	0.0	0.0	0.0
k__Bacteria;p__Acidobacteria;c__Acidobacteria-6;o__CCU21	4.1755396885e-05	0.0	5.6795592662e-05	0.000112909296199	0.0	6.48424328881e-05	6.7576699554e-05	0.0	6.04485280783e-05	5.56250869142e-05	6.98519139424e-05	0.0	8.35352100911e-05	0.0	6.69971861182e-05	9.28706312107e-05	0.000126798960249	7.33944954128e-05	0.0	0.0	0.0	0.0	0.000131570291428	0.0	0.0	0.0	0.0
k__Bacteria;p__Acidobacteria;c__Acidobacteria-6;o__iii1-15	0.000793352540816	0.000165057357432	0.000738342704606	0.000865637937524	0.000630318310747	0.00032421216444	0.000946073793756	0.000718218817333	0.000423139696548	0.000278125434571	0.000488963397597	0.0	0.000250605630273	0.000837910809049	0.000535977488945	0.000464353156054	0.00044379636087	0.000330275229358	0.000466309162975	0.000535762121618	0.000538684263686	0.000192864030858	0.000394710874285	0.000299670362601	0.0	0.000430292598967	0.000849978750531
k__Bacteria;p__Acidobacteria;c__DA052;o__Ellin6513	0.0	0.0	5.6795592662e-05	0.0	0.0	0.0	6.7576699554e-05	5.98515681111e-05	3.02242640392e-05	2.78125434571e-05	0.0	0.0	0.0	9.31012010055e-05	6.69971861182e-05	0.0	0.0	0.0	0.0	0.0	0.0	0.0	0.0	0.0	0.0	0.0	0.0
k__Bacteria;p__Acidobacteria;c__S035;o__	0.000208776984425	0.0	5.6795592662e-05	3.76364320662e-05	0.0	6.48424328881e-05	0.000270306798216	5.98515681111e-05	0.000151121320196	0.000139062717285	0.0	0.0	8.35352100911e-05	9.31012010055e-05	0.000133994372236	0.000123827508281	6.33994801243e-05	0.000110091743119	0.0	0.0	0.000202006598882	0.0	6.57851457141e-05	0.0	0.0	0.0	0.0
k__Bacteria;p__Acidobacteria;c__Solibacteres;o__Solibacterales	0.000459309365736	8.25286787159e-05	0.000227182370648	0.000188182160331	0.000315159155373	0.0	6.7576699554e-05	0.000239406272444	0.000211569848274	0.000111250173828	0.00027940765577	0.0	0.000222760560243	0.0	0.000200991558355	0.000247655016562	0.0	0.000146788990826	0.0	0.0	0.000269342131843	0.000385728061716	0.000131570291428	0.000299670362601	0.0	0.0	0.0
k__Bacteria;p__Acidobacteria;c__Sva0725;o__Sva0725	0.000626330953276	0.000165057357432	0.00028397796331	0.000526910048927	0.0	0.000453897030217	0.000135153399108	0.000418960976778	0.000423139696548	0.00100125156446	0.00055881531154	0.0	0.000361985910395	0.000558607206033	0.000133994372236	0.000495310033124	6.33994801243e-05	0.000256880733945	0.000466309162975	0.0	0.000808026395529	0.0	0.000197355437142	0.000299670362601	0.000647039792947	0.000430292598967	0.0
k__Bacteria;p__Acidobacteria;c__[Chloracidobacteria];o__	0.0	8.25286787159e-05	0.0	3.76364320662e-05	0.0	6.48424328881e-05	0.0	0.0	0.0	2.78125434571e-05	0.0	0.0	0.0	0.0	6.69971861182e-05	3.09568770702e-05	6.33994801243e-05	0.0	0.0	0.0	0.0	0.0	0.0	0.0	0.0	0.0	0.0
k__Bacteria;p__Acidobacteria;c__[Chloracidobacteria];o__11-24	0.0	0.0	0.0	0.0	0.0	0.0	0.0	0.0	0.0	0.0	0.0	0.0	2.78450700304e-05	0.000186202402011	6.69971861182e-05	0.0	0.0	0.0	0.0	0.0	6.73355329607e-05	0.0	0.0	0.0	0.0	0.0	0.0
k__Bacteria;p__Acidobacteria;c__[Chloracidobacteria];o__DS-100	4.1755396885e-05	0.0	0.0	0.0	0.0	6.48424328881e-05	6.7576699554e-05	0.0	9.06727921175e-05	0.0	0.0	0.0	0.0	9.31012010055e-05	6.69971861182e-05	0.0	0.0	0.0	0.0	0.0	0.0	0.000192864030858	0.0	0.0	0.0	0.0	0.0
k__Bacteria;p__Acidobacteria;c__[Chloracidobacteria];o__PK29	4.1755396885e-05	8.25286787159e-05	0.0	3.76364320662e-05	0.0	0.000129684865776	0.0	0.0	6.04485280783e-05	2.78125434571e-05	6.98519139424e-05	0.0	2.78450700304e-05	0.0	6.69971861182e-05	3.09568770702e-05	6.33994801243e-05	3.66972477064e-05	0.0	0.0	6.73355329607e-05	0.0	0.0	0.0	0.0	0.0	0.0
k__Bacteria;p__Acidobacteria;c__[Chloracidobacteria];o__RB41	4.1755396885e-05	0.0	0.00028397796331	0.000150545728265	0.0	0.000194527298664	0.000202730098662	0.000239406272444	0.000392915432509	5.56250869142e-05	0.00027940765577	0.0	5.56901400607e-05	9.31012010055e-05	0.000267988744473	0.000278611893632	0.000126798960249	0.000110091743119	0.0	0.0	0.000134671065921	0.0	0.000131570291428	0.0	0.0	0.0	0.000424989375266
k__Bacteria;p__Acidobacteria;c__iii1-8;o__DS-18	8.35107937701e-05	0.0	0.0	3.76364320662e-05	0.0	0.0	0.0	0.0	0.0	2.78125434571e-05	0.0	0.0	0.0	0.000186202402011	0.0	0.0	6.33994801243e-05	3.66972477064e-05	0.0	0.0	6.73355329607e-05	0.0	0.0	0.0	0.0	0.0	0.0
k__Bacteria;p__Actinobacteria;c__Acidimicrobiia;o__Acidimicrobiales	0.00680612969226	0.00222827432533	0.00823536093599	0.0059089198344	0.00661834226284	0.00525223706393	0.00783889714826	0.00628441465166	0.00592395575168	0.00375469336671	0.00405141100866	0.00807823129252	0.00534625344583	0.00698259007541	0.00596274956452	0.00547936724143	0.00557915425094	0.00554128440367	0.00326416414083	0.00669702652023	0.00599286243351	0.00597878495661	0.00394710874285	0.00809109979023	0.00711743772242	0.00473321858864	0.00807479813005
k__Bacteria;p__Actinobacteria;c__Actinobacteria;o__Actinomycetales	0.257129734018	0.123545432038	0.258363151019	0.212344749718	0.284273558147	0.16547788873	0.199756723882	0.184043571942	0.218098289307	0.146516478932	0.165968147527	0.247448979592	0.222120123632	0.200633088167	0.255795256599	0.230412036034	0.238508844227	0.301467889908	0.25227325717	0.272702919904	0.233586963841	0.253230472517	0.15795013486	0.27299970033	0.292461986412	0.226764199656	0.257968550786
k__Bacteria;p__Actinobacteria;c__MB-A2-108;o__0319-7L14	0.00271410079753	0.0015680448956	0.00744022263872	0.0028980052691	0.00189095493224	0.0043444430035	0.0051358291661	0.00562604740244	0.00438251828568	0.00319844249757	0.0027940765577	0.00297619047619	0.00258959151282	0.00409645284424	0.00321586493367	0.00318855833823	0.00177518544348	0.00322935779817	0.0037304733038	0.00321457272971	0.0053195071039	0.00212150433944	0.00230248009999	0.00599340725202	0.00291167906826	0.00408777969019	0.00382490437739
k__Bacteria;p__Actinobacteria;c__Nitriliruptoria;o__Euzebyales	4.1755396885e-05	0.000165057357432	0.000170386777986	0.0	0.0	0.000129684865776	0.0	0.000119703136222	0.0	2.78125434571e-05	0.0	0.0	2.78450700304e-05	0.0	0.0	3.09568770702e-05	0.0	0.0	0.0	0.0	6.73355329607e-05	0.0	0.0	0.0	0.0	0.0	0.0
k__Bacteria;p__Actinobacteria;c__Rubrobacteria;o__Rubrobacterales	0.00025053238131	8.25286787159e-05	0.000397569148634	0.000263455024464	0.0	6.48424328881e-05	0.000405460197324	0.000897773521666	0.000272018376353	0.000166875260743	0.000139703827885	0.0	0.000167070420182	0.000279303603016	0.000267988744473	0.000402439401913	0.000190198440373	0.000220183486239	0.0	0.000267881060809	0.000404013197764	0.0	0.0	0.0	0.000323519896474	0.000215146299484	0.000424989375266
k__Bacteria;p__Actinobacteria;c__Thermoleophilia;o__Gaiellales	0.00509415841998	0.00181563093175	0.00596353722951	0.00436582611968	0.00409706901986	0.00376086110751	0.00682524665495	0.00598515681111	0.00534969473493	0.00289250451954	0.00384185526683	0.00382653061224	0.00356416896388	0.00409645284424	0.0036848452365	0.00362195461722	0.00304317504596	0.004	0.0037304733038	0.00321457272971	0.00417480304357	0.00250723240116	0.00276297611999	0.00419538507642	0.00323519896474	0.00215146299484	0.00339991500212
k__Bacteria;p__Actinobacteria;c__Thermoleophilia;o__Solirubrobacterales	0.00918618731471	0.00321861846992	0.00800817856534	0.00816710575837	0.00441222817523	0.00693814031902	0.0110825787269	0.0102944697151	0.00912772773983	0.00386594354054	0.00656607991059	0.00680272108844	0.00659928159719	0.00595847686435	0.00529277770334	0.00668668544717	0.00570595321118	0.00777981651376	0.00442993704826	0.00348245379052	0.00915763248266	0.00597878495661	0.00434181961713	0.00839077015283	0.00841151730831	0.00580895008606	0.00169995750106
k__Bacteria;p__Armatimonadetes;c__Armatimonadia;o__Armatimonadales	0.0	0.0	5.6795592662e-05	0.0	0.0	0.0	0.0	0.0	3.02242640392e-05	0.0	0.0	0.0	0.0	0.0	0.0	0.0	0.0	3.66972477064e-05	0.0	0.0	6.73355329607e-05	0.0	6.57851457141e-05	0.0	0.0	0.0	0.0
k__Bacteria;p__Armatimonadetes;c__Armatimonadia;o__FW68	0.0	0.0	0.0	7.52728641325e-05	0.0	0.0	0.0	0.0	0.0	2.78125434571e-05	0.0	0.0	0.0	0.0	0.0	0.0	0.0	0.0	0.0	0.0	0.0	0.0	0.0	0.0	0.0	0.0	0.0
k__Bacteria;p__Armatimonadetes;c__[Fimbriimonadia];o__[Fimbriimonadales]	0.00041755396885	0.000577700751011	0.000340773555972	0.000188182160331	0.000630318310747	0.000648424328881	0.00033788349777	0.000538664113	0.000181345584235	0.000166875260743	0.000139703827885	0.000850340136054	0.000417676050455	0.000558607206033	0.000334985930591	0.000557223787264	0.000316997400621	0.00051376146789	0.000699463744463	0.000535762121618	0.000606019796647	0.000578592092575	0.00131570291428	0.000599340725202	0.0	0.000645438898451	0.000849978750531
k__Bacteria;p__Bacteroidetes;Other;Other	0.0	0.000165057357432	0.0	3.76364320662e-05	0.0	0.0	0.0	5.98515681111e-05	3.02242640392e-05	5.56250869142e-05	0.0	0.0	0.0	0.0	0.0	0.0	0.0	0.0	0.0	0.0	0.0	0.0	0.0	0.0	0.0	0.0	0.0
k__Bacteria;p__Bacteroidetes;c__Bacteroidia;o__Bacteroidales	0.0	0.0	0.0	0.0	0.0	0.0	0.0	0.000239406272444	0.0	0.0	0.0	0.0	0.0	0.0	0.0	0.0	0.0	0.0	0.0	0.0	0.0	0.0	0.0	0.0	0.0	0.0	0.0
k__Bacteria;p__Bacteroidetes;c__Cytophagia;o__Cytophagales	0.0169944465322	0.0194767681769	0.0170954733913	0.0131351147911	0.00630318310747	0.0152379717287	0.0170969049872	0.0163394780943	0.00961131596446	0.0366569322765	0.0184409052808	0.0110544217687	0.0181271405898	0.0160134065729	0.0174192683907	0.0104943813268	0.0106511126609	0.0146788990826	0.0107251107484	0.00776855076346	0.0177765807016	0.00655737704918	0.0201302545885	0.00539406652682	0.00744095761889	0.0114027538726	0.00807479813005
k__Bacteria;p__Bacteroidetes;c__Flavobacteriia;o__Flavobacteriales	0.000751597143931	0.000907815465874	0.000795138297268	0.00387655250282	0.000315159155373	0.000842951627545	0.00101365049331	0.000718218817333	0.000483588224627	0.00133500208594	0.00146689019279	0.000850340136054	0.00153147885167	0.00111721441207	0.000870963419536	0.000959663189177	0.00044379636087	0.000880733944954	0.000233154581488	0.000535762121618	0.00148138172514	0.000771456123433	0.00124991776857	0.000299670362601	0.00129407958589	0.000645438898451	0.000424989375266
k__Bacteria;p__Bacteroidetes;c__Sphingobacteriia;o__Sphingobacteriales	0.000668086350161	0.00445654865066	0.00124950303856	0.000865637937524	0.000315159155373	0.000907794060433	0.000473036896878	0.00125688293033	0.000664933808862	0.00191906549854	0.00160659402068	0.000425170068027	0.00114164787124	0.00121031561307	0.000870963419536	0.000433396278983	0.00044379636087	0.000623853211009	0.000466309162975	0.000535762121618	0.00161605279106	0.00115718418515	0.00309190184856	0.000899011087803	0.000647039792947	0.000215146299484	0.000424989375266
k__Bacteria;p__Bacteroidetes;c__[Saprospirae];o__[Saprospirales]	0.0343229362395	0.114714863415	0.0540694042142	0.0214151298457	0.0264733690514	0.0741149007911	0.0307473982971	0.0378860426143	0.0158375143565	0.109192045613	0.0366024029058	0.062925170068	0.0239746052961	0.0295130807187	0.0614364196704	0.0317927127511	0.0531287643441	0.0446972477064	0.0470972254605	0.0246450575944	0.0408053329742	0.0192864030858	0.110453259654	0.0302667066227	0.0197347136849	0.0410929432014	0.0280492987675
k__Bacteria;p__Chlamydiae;c__Chlamydiia;o__	4.1755396885e-05	0.0	0.0	0.0	0.0	0.0	0.0	0.0	0.0	2.78125434571e-05	6.98519139424e-05	0.0	0.0	0.0	0.0	0.0	0.0	0.0	0.0	0.0	0.0	0.0	0.0	0.0	0.0	0.0	0.0
k__Bacteria;p__Chlamydiae;c__Chlamydiia;o__Chlamydiales	0.000709841747046	0.000907815465874	0.00141988981655	0.000489273616861	0.0	0.00142653352354	0.00121638059197	0.000778070385444	0.000423139696548	0.000695313586427	0.000419111483655	0.000425170068027	0.00077966196085	0.000558607206033	0.000803966233418	0.000464353156054	0.000507195840994	0.000660550458716	0.000466309162975	0.0	0.00114470406033	0.000192864030858	0.000657851457141	0.000899011087803	0.000647039792947	0.000215146299484	0.0
k__Bacteria;p__Chlorobi;c__;o__	0.000125266190655	0.0	0.0	3.76364320662e-05	0.000315159155373	0.000129684865776	0.000135153399108	0.000299257840555	3.02242640392e-05	2.78125434571e-05	0.000209555741827	0.0	2.78450700304e-05	9.31012010055e-05	0.000133994372236	6.19137541405e-05	0.0	3.66972477064e-05	0.0	0.0	0.000202006598882	0.0	0.000131570291428	0.000299670362601	0.0	0.0	0.0
k__Bacteria;p__Chlorobi;c__BSV26;o__PK329	4.1755396885e-05	0.0	5.6795592662e-05	3.76364320662e-05	0.0	0.0	0.000202730098662	0.0	0.0	0.0	0.0	0.0	2.78450700304e-05	9.31012010055e-05	0.000133994372236	3.09568770702e-05	6.33994801243e-05	7.33944954128e-05	0.0	0.0	0.0	0.0	6.57851457141e-05	0.0	0.0	0.0	0.0
k__Bacteria;p__Chlorobi;c__OPB56;o__	0.0	0.0	0.0	3.76364320662e-05	0.0	0.0	0.000405460197324	0.0	0.0	0.0	0.0	0.0	0.0	9.31012010055e-05	0.0	0.0	0.0	3.66972477064e-05	0.0	0.0	0.0	0.0	0.0	0.0	0.0	0.000215146299484	0.0
k__Bacteria;p__Chlorobi;c__SJA-28;o__	0.000125266190655	0.000165057357432	0.000113591185324	0.000112909296199	0.0	6.48424328881e-05	0.0	0.000179554704333	6.04485280783e-05	2.78125434571e-05	0.0	0.0	8.35352100911e-05	9.31012010055e-05	0.0	6.19137541405e-05	6.33994801243e-05	0.000183486238532	0.0	0.000267881060809	0.000134671065921	0.0	0.000131570291428	0.0	0.000323519896474	0.0	0.0
k__Bacteria;p__Chloroflexi;Other;Other	0.00016702158754	8.25286787159e-05	0.000170386777986	7.52728641325e-05	0.0	0.000259369731552	0.000135153399108	0.000119703136222	6.04485280783e-05	0.000750938673342	0.000139703827885	0.000425170068027	5.56901400607e-05	0.000186202402011	0.000200991558355	0.000278611893632	0.0	0.000146788990826	0.000233154581488	0.000267881060809	0.000202006598882	0.000192864030858	0.000131570291428	0.0	0.000323519896474	0.000215146299484	0.0
k__Bacteria;p__Chloroflexi;c__;o__	0.000125266190655	0.0	0.000227182370648	0.000150545728265	0.000630318310747	0.000129684865776	6.7576699554e-05	0.000179554704333	0.0	0.00139062717285	6.98519139424e-05	0.000425170068027	0.000222760560243	9.31012010055e-05	0.000200991558355	9.28706312107e-05	0.0	7.33944954128e-05	0.0	0.0	0.0	0.000578592092575	0.0	0.0	0.0	0.000430292598967	0.0
k__Bacteria;p__Chloroflexi;c__Anaerolineae;Other	0.0	0.0	0.0	0.0	0.0	0.0	0.0	0.0	0.0	0.0	0.0	0.0	5.56901400607e-05	0.0	6.69971861182e-05	0.0	0.0	0.0	0.0	0.0	0.0	0.0	0.0	0.0	0.0	0.0	0.0
k__Bacteria;p__Chloroflexi;c__Anaerolineae;o__Ardenscatenales	0.0	0.0	0.0	3.76364320662e-05	0.0	0.0	6.7576699554e-05	0.000119703136222	0.0	2.78125434571e-05	6.98519139424e-05	0.0	0.0	0.0	6.69971861182e-05	9.28706312107e-05	0.0	0.000110091743119	0.0	0.0	6.73355329607e-05	0.0	6.57851457141e-05	0.0	0.0	0.0	0.0
k__Bacteria;p__Chloroflexi;c__C0119;o__	4.1755396885e-05	8.25286787159e-05	0.0	0.0	0.0	0.0	0.0	0.0	3.02242640392e-05	0.0	0.0	0.0	2.78450700304e-05	0.0	0.0	0.0	0.0	0.0	0.0	0.0	0.0	0.0	0.0	0.0	0.0	0.0	0.0
k__Bacteria;p__Chloroflexi;c__Chloroflexi;o__AKIW781	8.35107937701e-05	8.25286787159e-05	0.0	0.0	0.000315159155373	0.000129684865776	0.0	0.000119703136222	6.04485280783e-05	0.0	0.0	0.0	0.0	0.0	0.000267988744473	0.000123827508281	0.0	0.000110091743119	0.0	0.0	6.73355329607e-05	0.000192864030858	0.0	0.000299670362601	0.0	0.000430292598967	0.0
k__Bacteria;p__Chloroflexi;c__Chloroflexi;o__Chloroflexales	0.00676437429538	0.00693240901213	0.00795138297268	0.00801656003011	0.00661834226284	0.00408507327195	0.00614947965941	0.00538664113	0.00492655503838	0.00356000556251	0.0069153394803	0.00510204081633	0.00726756327792	0.00549297085932	0.00629773549511	0.00495310033124	0.00291637608572	0.00689908256881	0.00466309162975	0.00669702652023	0.00552151370278	0.0069431051109	0.00684165515427	0.00599340725202	0.00711743772242	0.00903614457831	0.00764980875478
k__Bacteria;p__Chloroflexi;c__Chloroflexi;o__Herpetosiphonales	0.0111069355714	0.0243459602212	0.0175498381326	0.0109522017313	0.0135518436811	0.00752172221502	0.0033788349777	0.00951639932966	0.00970198875657	0.0166875260743	0.00754400670578	0.0123299319728	0.00977361958065	0.00893771529653	0.0144043950154	0.0108039500975	0.00437456412857	0.0193027522936	0.00955933784099	0.00642914545942	0.00733957309272	0.0136933461909	0.01519636866	0.0182798921187	0.0106761565836	0.0169965576592	0.0216744581385
k__Bacteria;p__Chloroflexi;c__Chloroflexi;o__[Roseiflexales]	0.0412960875193	0.0434100850045	0.0342477423752	0.0305607828378	0.0352978254018	0.0271689793801	0.0258142992296	0.0316016279627	0.027020492051	0.0172994020303	0.0354149203688	0.031887755102	0.0356138445688	0.033237128759	0.0344365536647	0.0329690740798	0.0233944081659	0.0325504587156	0.0396362788529	0.0377712295741	0.0298296411016	0.0420443587271	0.0410499309256	0.0377584656877	0.0520867033323	0.0632530120482	0.0322991925202
k__Bacteria;p__Chloroflexi;c__Ellin6529;o__	0.000208776984425	0.000165057357432	0.000397569148634	0.000451637184795	0.0	0.00032421216444	0.000540613596432	0.000538664113	0.000483588224627	0.000361563064942	0.000488963397597	0.000425170068027	0.000139225350152	0.000372404804022	0.000267988744473	0.000402439401913	0.000190198440373	0.000440366972477	0.000466309162975	0.0	0.000538684263686	0.000385728061716	0.000197355437142	0.0	0.0	0.000215146299484	0.000424989375266
k__Bacteria;p__Chloroflexi;c__Gitt-GS-136;o__	0.00016702158754	0.000165057357432	0.00028397796331	0.000188182160331	0.0	0.000194527298664	0.000202730098662	0.000179554704333	0.000120897056157	0.0001946878042	0.00027940765577	0.0	0.000111380280121	0.000372404804022	0.000133994372236	0.000123827508281	6.33994801243e-05	0.000183486238532	0.0	0.0	0.000134671065921	0.0	0.000131570291428	0.000299670362601	0.000323519896474	0.000430292598967	0.0
k__Bacteria;p__Chloroflexi;c__S085;o__	0.00025053238131	0.000165057357432	0.000454364741296	0.00030109145653	0.000315159155373	0.000259369731552	0.000946073793756	0.000418960976778	0.000211569848274	0.000278125434571	0.00027940765577	0.000425170068027	0.000194915490212	0.000279303603016	0.000200991558355	0.000371482524843	0.000253597920497	0.000477064220183	0.000466309162975	0.000803643182427	0.000269342131843	0.000578592092575	0.000197355437142	0.000599340725202	0.000647039792947	0.000645438898451	0.000424989375266
k__Bacteria;p__Chloroflexi;c__SAR202;o__	0.0	0.0	0.0	0.0	0.0	0.0	0.0	5.98515681111e-05	0.0	0.0	0.0	0.0	0.0	0.0	6.69971861182e-05	0.0	6.33994801243e-05	3.66972477064e-05	0.0	0.0	0.000134671065921	0.0	0.0	0.000299670362601	0.0	0.0	0.000849978750531
k__Bacteria;p__Chloroflexi;c__SHA-26;o__	4.1755396885e-05	0.0	0.0	3.76364320662e-05	0.0	0.0	0.0	0.000239406272444	0.0	0.0	0.0	0.0	2.78450700304e-05	0.0	6.69971861182e-05	0.0	0.0	0.0	0.0	0.0	0.000202006598882	0.0	6.57851457141e-05	0.0	0.0	0.0	0.0
k__Bacteria;p__Chloroflexi;c__TK10;o__	8.35107937701e-05	0.0	0.0	3.76364320662e-05	0.000630318310747	0.0	0.0	0.000119703136222	3.02242640392e-05	0.0	0.0	0.000425170068027	2.78450700304e-05	0.000186202402011	0.0	0.0	0.0	3.66972477064e-05	0.0	0.000267881060809	0.0	0.0	6.57851457141e-05	0.0	0.0	0.000430292598967	0.0
k__Bacteria;p__Chloroflexi;c__TK10;o__AKYG885	0.0117750219216	0.00495172072295	0.00942806838189	0.00820474219044	0.0141821619918	0.00875372843989	0.0127044195162	0.00873832894422	0.0106087166777	0.00350438047559	0.00894104498463	0.015306122449	0.0096343942305	0.00977562610558	0.00837464826477	0.00975141627713	0.00665694541305	0.00851376146789	0.0111914199114	0.0158049825877	0.00956164568043	0.0135004821601	0.0051312413657	0.0128858255918	0.0129407958589	0.0172117039587	0.0123246918827
k__Bacteria;p__Chloroflexi;c__TK10;o__B07_WMSP1	0.0	0.0	5.6795592662e-05	3.76364320662e-05	0.0	0.0	6.7576699554e-05	5.98515681111e-05	0.0	0.0	0.0	0.0	0.0	0.0	0.0	0.0	6.33994801243e-05	7.33944954128e-05	0.0	0.0	0.0	0.0	0.0	0.0	0.0	0.0	0.0
k__Bacteria;p__Chloroflexi;c__TK17;o__	0.0	8.25286787159e-05	0.000170386777986	3.76364320662e-05	0.000315159155373	0.0	0.0	0.0	3.02242640392e-05	2.78125434571e-05	0.0	0.0	0.0	0.000186202402011	6.69971861182e-05	0.0	0.0	7.33944954128e-05	0.0	0.0	0.0	0.0	0.0	0.000299670362601	0.0	0.0	0.0
k__Bacteria;p__Chloroflexi;c__Thermomicrobia;o__	0.0	0.0	0.0	0.0	0.0	0.0	0.0	0.0	6.04485280783e-05	0.0	0.0	0.0	0.0	0.0	0.0	0.0	0.0	0.0	0.0	0.0	0.0	0.0	0.0	0.0	0.0	0.0	0.0
k__Bacteria;p__Chloroflexi;c__Thermomicrobia;o__JG30-KF-CM45	0.000876863334586	0.000247586036148	0.000795138297268	0.000489273616861	0.0	0.000453897030217	0.00101365049331	0.000778070385444	0.000513812488666	0.000500625782228	0.000698519139424	0.0	0.000334140840364	0.000558607206033	0.000535977488945	0.000526266910194	0.000380396880746	0.000366972477064	0.0	0.000535762121618	0.000673355329607	0.000578592092575	0.000197355437142	0.000899011087803	0.000323519896474	0.000430292598967	0.0
k__Bacteria;p__Cyanobacteria;c__;o__	0.0	0.0	0.0	0.000112909296199	0.0	0.0	0.0	0.0	0.0	0.0	6.98519139424e-05	0.0	0.0	0.0	0.0	0.0	0.0	0.0	0.0	0.0	0.0	0.0	6.57851457141e-05	0.0	0.0	0.0	0.0
k__Bacteria;p__Cyanobacteria;c__Chloroplast;o__Chlorophyta	0.0	0.0	0.0	0.000639819345126	0.0	0.0	6.7576699554e-05	0.0	0.000392915432509	2.78125434571e-05	0.00104777870914	0.0	0.0	0.000186202402011	6.69971861182e-05	3.09568770702e-05	6.33994801243e-05	0.0	0.0	0.0	0.000202006598882	0.0	0.000460496019999	0.0	0.0	0.0	0.0
k__Bacteria;p__Cyanobacteria;c__Chloroplast;o__Streptophyta	0.0752849805837	0.197161013452	0.0875220082922	0.087504704554	0.0403403718878	0.265205550512	0.215772401676	0.144960497965	0.118872030466	0.307272980114	0.162754959486	0.0378401360544	0.0690557736753	0.136672563076	0.0917861449819	0.107451320311	0.20896468649	0.0769908256881	0.0438330613197	0.0358960621484	0.123830045115	0.0393442622951	0.182093283337	0.0395564878634	0.0397929472663	0.0449655765921	0.0356991075223
k__Bacteria;p__Cyanobacteria;c__ML635J-21;o__	0.0	0.0	0.0	0.0	0.0	0.0	0.0	0.0	3.02242640392e-05	0.0	0.0	0.0	0.0	9.31012010055e-05	0.0	0.0	0.0	0.0	0.0	0.0	0.0	0.0	0.0	0.0	0.0	0.0	0.0
k__Bacteria;p__Cyanobacteria;c__Nostocophycideae;Other	0.0	0.0	0.0	0.0	0.0	0.0	0.0	0.0	0.0	0.0	0.0	0.0	0.0	0.0	0.0	0.0	0.0	0.0	0.0	0.0	0.000134671065921	0.0	0.0	0.0	0.0	0.0	0.0
k__Bacteria;p__Cyanobacteria;c__Nostocophycideae;o__Nostocales	0.0	0.0	0.0	3.76364320662e-05	0.0	0.0	0.0	0.0	0.000181345584235	0.0	6.98519139424e-05	0.0	0.0	0.0	0.0	0.0	0.0	0.0	0.0	0.0	0.0	0.0	0.0	0.0	0.0	0.0	0.0
k__Bacteria;p__Cyanobacteria;c__Oscillatoriophycideae;o__Oscillatoriales	0.0	0.0	0.0	0.0	0.0	0.0	0.000270306798216	0.0	0.0	0.0	0.0	0.0	2.78450700304e-05	0.0	0.0	0.0	0.0	0.0	0.0	0.0	0.0	0.0	0.0	0.0	0.0	0.0	0.0
k__Bacteria;p__Elusimicrobia;c__Elusimicrobia;o__Elusimicrobiales	0.0	0.0	0.0	0.0	0.0	0.0	0.0	5.98515681111e-05	0.0	0.0	0.0	0.0	0.0	0.0	0.0	0.0	0.0	3.66972477064e-05	0.0	0.0	0.0	0.0	0.0	0.0	0.0	0.0	0.0
k__Bacteria;p__Elusimicrobia;c__Elusimicrobia;o__FAC88	0.0	0.000165057357432	0.000113591185324	7.52728641325e-05	0.0	6.48424328881e-05	0.000135153399108	0.0	3.02242640392e-05	8.34376303713e-05	0.000139703827885	0.0	2.78450700304e-05	0.0	6.69971861182e-05	6.19137541405e-05	0.0	3.66972477064e-05	0.0	0.0	0.0	0.0	0.0	0.0	0.0	0.0	0.0
k__Bacteria;p__Elusimicrobia;c__Elusimicrobia;o__IIb	4.1755396885e-05	8.25286787159e-05	0.000113591185324	0.0	0.0	6.48424328881e-05	0.0	5.98515681111e-05	0.0	0.0	0.0	0.0	8.35352100911e-05	9.31012010055e-05	6.69971861182e-05	6.19137541405e-05	6.33994801243e-05	3.66972477064e-05	0.0	0.0	0.000134671065921	0.0	0.0	0.0	0.0	0.0	0.0
k__Bacteria;p__Elusimicrobia;c__Elusimicrobia;o__MVP-88	0.000208776984425	0.0	0.000227182370648	0.000112909296199	0.0	0.000129684865776	6.7576699554e-05	0.000239406272444	9.06727921175e-05	2.78125434571e-05	0.000139703827885	0.0	5.56901400607e-05	9.31012010055e-05	0.0	0.000247655016562	0.000253597920497	3.66972477064e-05	0.000233154581488	0.0	0.000269342131843	0.0	6.57851457141e-05	0.000299670362601	0.000323519896474	0.0	0.000424989375266
k__Bacteria;p__FCPU426;c__;o__	0.0	0.0	0.0	3.76364320662e-05	0.0	6.48424328881e-05	0.0	0.0	0.0	0.0	0.0	0.0	0.0	0.0	0.0	0.0	0.0	0.0	0.0	0.0	0.0	0.0	0.0	0.0	0.0	0.0	0.0
k__Bacteria;p__Fibrobacteres;c__Fibrobacteria;o__258ds10	0.00100212952524	0.000660229429727	0.000397569148634	0.000489273616861	0.000315159155373	0.000453897030217	0.000270306798216	0.000359109408667	0.000302242640392	0.0001946878042	0.000768371053367	0.00170068027211	0.00080750703088	0.000744809608044	0.00154093528072	0.000371482524843	0.000633994801243	0.000587155963303	0.000466309162975	0.000267881060809	0.000606019796647	0.000385728061716	0.000920992039997	0.000299670362601	0.0	0.000215146299484	0.000849978750531
k__Bacteria;p__Fibrobacteres;c__TG3;o__TG3-1	0.0	0.0	0.0	0.0	0.0	0.0	6.7576699554e-05	0.000179554704333	0.0	0.0	0.0	0.0	2.78450700304e-05	0.0	0.0	0.0	0.0	0.0	0.0	0.0	0.0	0.0	0.0	0.0	0.0	0.0	0.0
k__Bacteria;p__Firmicutes;Other;Other	0.0	8.25286787159e-05	0.0	0.0	0.0	0.0	0.0	0.00221450802011	0.0	0.0	0.0	0.0	0.0	0.0	0.0	0.0	0.0	0.0	0.0	0.0	0.0	0.0	0.0	0.0	0.0	0.0	0.0
k__Bacteria;p__Firmicutes;c__Bacilli;o__Bacillales	0.0137792809721	0.0031360897912	0.0218095075822	0.0156567557396	0.0047273873306	0.008688886007	0.0240573050412	0.0212473066794	0.00831167261077	0.00951188986233	0.00796311818944	0.00807823129252	0.00927240832011	0.0148030909599	0.0217740854884	0.011918397672	0.00773473657516	0.00811009174312	0.00769410118909	0.00857219394589	0.01023500101	0.00617164898746	0.00473653049142	0.00928978124064	0.006146878033	0.00623924268503	0.00594985125372
k__Bacteria;p__Firmicutes;c__Bacilli;o__Haloplasmatales	4.1755396885e-05	0.0	0.000113591185324	3.76364320662e-05	0.0	6.48424328881e-05	6.7576699554e-05	0.0	3.02242640392e-05	2.78125434571e-05	6.98519139424e-05	0.0	0.0	9.31012010055e-05	0.0	3.09568770702e-05	0.0	7.33944954128e-05	0.0	0.0	6.73355329607e-05	0.0	0.0	0.0	0.0	0.000215146299484	0.0
k__Bacteria;p__Firmicutes;c__Bacilli;o__Turicibacterales	4.1755396885e-05	0.0	0.00028397796331	0.0	0.0	6.48424328881e-05	0.000270306798216	0.000299257840555	0.000151121320196	0.0	0.000209555741827	0.0	8.35352100911e-05	0.0	6.69971861182e-05	0.000804878803826	0.0	0.0	0.000699463744463	0.000267881060809	0.0	0.0	0.0	0.0	0.000323519896474	0.0	0.0
k__Bacteria;p__Firmicutes;c__Clostridia;Other	0.0	0.0	0.0	0.0	0.0	0.0	0.0	0.0	3.02242640392e-05	0.0	0.0	0.000425170068027	2.78450700304e-05	0.0	0.0	0.0	0.0	7.33944954128e-05	0.0	0.0	0.0	0.0	0.0	0.0	0.0	0.0	0.0
k__Bacteria;p__Firmicutes;c__Clostridia;o__	0.0	0.0	5.6795592662e-05	0.0	0.0	6.48424328881e-05	0.0	0.0	0.0	0.0	0.0	0.0	0.0	0.0	6.69971861182e-05	0.0	0.0	0.0	0.0	0.0	0.0	0.0	6.57851457141e-05	0.0	0.0	0.000215146299484	0.0
k__Bacteria;p__Firmicutes;c__Clostridia;o__Clostridiales	0.000125266190655	0.000165057357432	0.000511160333958	0.000376364320662	0.000315159155373	0.000194527298664	0.000540613596432	0.00317213310989	0.000392915432509	0.000139062717285	0.000139703827885	0.0	0.000222760560243	0.000372404804022	0.000133994372236	0.00328142896945	0.000253597920497	0.000183486238532	0.000233154581488	0.0	0.000471348730725	0.000192864030858	0.00032892572857	0.0	0.000323519896474	0.0	0.000424989375266
k__Bacteria;p__Firmicutes;c__Clostridia;o__MBA08	0.0	0.0	0.0	0.0	0.0	0.0	0.0	0.0	6.04485280783e-05	0.0	0.0	0.0	0.0	0.0	0.0	3.09568770702e-05	0.0	0.0	0.0	0.0	0.0	0.0	0.0	0.0	0.0	0.0	0.0
k__Bacteria;p__GN02;c__BD1-5;o__	0.00141968349409	0.00396137657836	0.00136309422389	0.00169363944298	0.00126063662149	0.0011023213591	0.00155426408974	0.00185539861144	0.00272018376353	0.00230844110694	0.00055881531154	0.000425170068027	0.00203269011222	0.00139651801508	0.00395283398097	0.0014549732223	0.00126798960249	0.00128440366972	0.000466309162975	0.000267881060809	0.00276075685139	0.000964320154291	0.00124991776857	0.000899011087803	0.000647039792947	0.000645438898451	0.000424989375266
k__Bacteria;p__Gemmatimonadetes;c__;o__	4.1755396885e-05	0.0	0.0	3.76364320662e-05	0.0	0.0	0.0	5.98515681111e-05	0.0	2.78125434571e-05	0.0	0.0	0.0	0.0	0.0	0.0	0.0	0.0	0.0	0.0	0.0	0.0	0.0	0.0	0.0	0.000215146299484	0.0
k__Bacteria;p__Gemmatimonadetes;c__Gemm-1;o__	0.00200425905048	0.000577700751011	0.00141988981655	0.00225818592397	0.00157579577687	0.00239917001686	0.00135153399108	0.00185539861144	0.00217614701082	0.00105687665137	0.000977926795194	0.00170068027211	0.0015593239217	0.0017689228191	0.000937960605655	0.00188836950128	0.00152158752298	0.00165137614679	0.00116577290744	0.000803643182427	0.00161605279106	0.00115718418515	0.00118413262285	0.00269703326341	0.000647039792947	0.00193631669535	0.000849978750531
k__Bacteria;p__Gemmatimonadetes;c__Gemm-2;o__	4.1755396885e-05	0.0	0.0	0.000112909296199	0.0	0.0	0.0	5.98515681111e-05	0.0	0.0	0.0	0.000425170068027	0.0	0.0	0.0	0.0	0.0	0.0	0.0	0.0	0.0	0.0	0.0	0.0	0.0	0.0	0.0
k__Bacteria;p__Gemmatimonadetes;c__Gemm-3;o__	0.0	0.0	0.0	0.0	0.0	0.0	0.0	0.0	3.02242640392e-05	0.0	0.0	0.000425170068027	0.0	0.0	0.0	0.0	6.33994801243e-05	0.0	0.0	0.0	0.0	0.0	0.0	0.0	0.0	0.0	0.0
k__Bacteria;p__Gemmatimonadetes;c__Gemm-5;o__	8.35107937701e-05	0.0	0.000113591185324	0.0	0.0	0.0	0.0	0.0	3.02242640392e-05	2.78125434571e-05	0.0	0.0	2.78450700304e-05	0.0	0.0	0.0	0.0	0.0	0.0	0.0	0.0	0.0	0.0	0.0	0.0	0.0	0.0
k__Bacteria;p__Gemmatimonadetes;c__Gemmatimonadetes;o__	0.000626330953276	8.25286787159e-05	0.000965525075254	0.000526910048927	0.000630318310747	0.000389054597328	0.000540613596432	0.000538664113	0.000695158072901	0.000361563064942	0.000419111483655	0.0	0.000361985910395	0.000465506005027	0.000803966233418	0.000557223787264	0.000380396880746	0.000880733944954	0.000233154581488	0.0	0.000336677664804	0.000771456123433	0.000197355437142	0.000299670362601	0.000323519896474	0.000645438898451	0.000424989375266
k__Bacteria;p__Gemmatimonadetes;c__Gemmatimonadetes;o__C114	8.35107937701e-05	0.0	0.0	7.52728641325e-05	0.0	0.0	0.0	0.0	0.0	0.0	0.0	0.0	2.78450700304e-05	0.0	0.0	0.0	6.33994801243e-05	0.0	0.0	0.0	0.0	0.0	0.0	0.0	0.0	0.0	0.0
k__Bacteria;p__Gemmatimonadetes;c__Gemmatimonadetes;o__Ellin5290	0.000125266190655	0.0	0.0	3.76364320662e-05	0.0	6.48424328881e-05	0.0	0.0	3.02242640392e-05	5.56250869142e-05	0.0	0.000425170068027	8.35352100911e-05	0.0	0.0	3.09568770702e-05	0.0	3.66972477064e-05	0.0	0.0	0.0	0.0	0.0	0.0	0.0	0.0	0.0
k__Bacteria;p__Gemmatimonadetes;c__Gemmatimonadetes;o__Gemmatimonadales	0.00041755396885	0.0	0.000113591185324	0.000263455024464	0.000315159155373	0.000194527298664	0.000135153399108	0.000359109408667	0.00036269116847	0.000166875260743	0.0	0.000425170068027	0.000111380280121	9.31012010055e-05	0.000267988744473	0.000216698139492	6.33994801243e-05	0.000256880733945	0.0	0.0	0.000134671065921	0.000192864030858	6.57851457141e-05	0.0	0.0	0.000215146299484	0.0
k__Bacteria;p__Gemmatimonadetes;c__Gemmatimonadetes;o__KD8-87	4.1755396885e-05	0.0	0.0	3.76364320662e-05	0.0	0.0	0.0	5.98515681111e-05	3.02242640392e-05	0.0	0.0	0.0	0.0	0.0	0.0	0.0	0.0	0.0	0.0	0.0	0.0	0.0	0.0	0.0	0.0	0.0	0.0
k__Bacteria;p__Gemmatimonadetes;c__Gemmatimonadetes;o__N1423WL	0.0	0.0	0.0	0.0	0.0	0.0	0.0	0.0	0.0	0.0	0.0	0.0	8.35352100911e-05	0.0	0.0	0.0	0.0	0.0	0.0	0.0	0.0	0.0	0.0	0.0	0.0	0.0	0.0
k__Bacteria;p__Nitrospirae;c__Nitrospira;o__Nitrospirales	0.00129441730344	0.000495172072295	0.0016470721872	0.00109145652992	0.00094547746612	0.00103747892621	0.00141911069063	0.00239406272444	0.000816055129058	0.000389375608399	0.000768371053367	0.000850340136054	0.00080750703088	0.00139651801508	0.000870963419536	0.000650094418475	0.00107779116211	0.00124770642202	0.000466309162975	0.000803643182427	0.00107736852737	0.000578592092575	0.000394710874285	0.000899011087803	0.000323519896474	0.000645438898451	0.0012749681258
k__Bacteria;p__OD1;c__;o__	0.0	0.0	0.0	0.000112909296199	0.0	0.0	0.0	0.0	3.02242640392e-05	0.0	0.0	0.0	0.0	0.0	0.0	0.0	0.0	0.0	0.0	0.0	0.0	0.0	0.0	0.0	0.0	0.0	0.0
k__Bacteria;p__OD1;c__ABY1;o__	4.1755396885e-05	0.0	0.0	0.000188182160331	0.0	0.000194527298664	0.000135153399108	0.000119703136222	0.0	0.0001946878042	0.0	0.0	5.56901400607e-05	0.0	0.000133994372236	3.09568770702e-05	0.0	3.66972477064e-05	0.0	0.0	0.0	0.0	0.0	0.0	0.0	0.0	0.0
k__Bacteria;p__OD1;c__Mb-NB09;o__	8.35107937701e-05	0.0	0.000170386777986	0.000112909296199	0.000315159155373	0.00032421216444	0.000540613596432	0.0	0.000181345584235	0.000305937978028	6.98519139424e-05	0.0	0.000167070420182	0.000186202402011	0.000200991558355	0.000123827508281	0.000190198440373	3.66972477064e-05	0.0	0.0	6.73355329607e-05	0.0	0.000131570291428	0.0	0.0	0.0	0.0
k__Bacteria;p__OD1;c__ZB2;o__	0.00025053238131	0.0	0.000511160333958	0.000150545728265	0.0	0.000129684865776	0.000202730098662	0.000418960976778	0.000241794112313	0.000222500347657	0.000139703827885	0.0	5.56901400607e-05	0.0	6.69971861182e-05	0.000123827508281	6.33994801243e-05	3.66972477064e-05	0.0	0.0	0.000134671065921	0.0	0.000131570291428	0.0	0.0	0.0	0.000424989375266
k__Bacteria;p__OP11;c__WCHB1-64;o__K2-4-19	0.0	0.0	5.6795592662e-05	3.76364320662e-05	0.0	6.48424328881e-05	0.000135153399108	0.000239406272444	0.0	0.0	0.0	0.0	0.0	0.0	0.000133994372236	3.09568770702e-05	0.0	0.0	0.0	0.0	0.000134671065921	0.000192864030858	6.57851457141e-05	0.0	0.0	0.0	0.0
k__Bacteria;p__Planctomycetes;c__;o__	0.000751597143931	0.000412643393579	0.0011927074459	0.00090327436959	0.000630318310747	0.000389054597328	0.00067576699554	0.000179554704333	0.000302242640392	0.000556250869142	0.00027940765577	0.000850340136054	0.000556901400607	0.00102411321106	0.000602974675064	0.000866792557967	0.000507195840994	0.000770642201835	0.000699463744463	0.000803643182427	0.000606019796647	0.000385728061716	0.000526281165713	0.000299670362601	0.000647039792947	0.000430292598967	0.000424989375266
k__Bacteria;p__Planctomycetes;c__028H05-P-BN-P5;o__	0.000125266190655	0.0	5.6795592662e-05	0.000112909296199	0.0	6.48424328881e-05	6.7576699554e-05	0.0	0.000211569848274	8.34376303713e-05	0.0	0.000425170068027	2.78450700304e-05	9.31012010055e-05	0.0	3.09568770702e-05	0.0	3.66972477064e-05	0.0	0.0	6.73355329607e-05	0.0	0.000197355437142	0.0	0.0	0.0	0.0
k__Bacteria;p__Planctomycetes;c__BD7-11;o__	0.0	0.0	0.0	0.0	0.0	0.0	6.7576699554e-05	0.0	3.02242640392e-05	0.0	0.0	0.0	5.56901400607e-05	0.0	0.0	6.19137541405e-05	0.0	0.0	0.0	0.0	0.0	0.0	0.0	0.0	0.0	0.0	0.0
k__Bacteria;p__Planctomycetes;c__C6;o__d113	0.000960374128356	0.000577700751011	0.00102232066792	0.000715092209259	0.000315159155373	0.0016210608222	0.00121638059197	0.00101747665789	0.000936952185214	0.00172437769434	0.00125733445096	0.00127551020408	0.000918887311002	0.00130341681408	0.00113895216401	0.000866792557967	0.000697394281367	0.000954128440367	0.00163208207041	0.00160728636485	0.00121203959329	0.00135004821601	0.00144727320571	0.0011986814504	0.000647039792947	0.00107573149742	0.000849978750531
k__Bacteria;p__Planctomycetes;c__OM190;o__CL500-15	0.000584575556391	0.000412643393579	0.000397569148634	0.00030109145653	0.0	0.00032421216444	0.000405460197324	0.000538664113	0.000151121320196	0.000250312891114	0.000349259569712	0.000425170068027	0.000361985910395	0.000651708407038	0.000401983116709	0.000742965049686	0.000253597920497	0.000146788990826	0.000466309162975	0.000267881060809	0.000269342131843	0.0	0.000394710874285	0.000299670362601	0.0	0.0	0.0
k__Bacteria;p__Planctomycetes;c__OM190;o__agg27	0.0	0.0	5.6795592662e-05	3.76364320662e-05	0.0	0.0	0.0	0.0	0.0	0.0	0.0	0.0	0.0	0.0	6.69971861182e-05	0.0	0.0	0.0	0.0	0.0	0.0	0.0	0.0	0.0	0.0	0.0	0.0
k__Bacteria;p__Planctomycetes;c__Phycisphaerae;o__Phycisphaerales	0.00200425905048	0.000577700751011	0.00193105015051	0.00154309371472	0.000630318310747	0.000907794060433	0.00121638059197	0.00185539861144	0.000906727921175	0.000890001390627	0.00104777870914	0.00255102040816	0.00278450700304	0.00307233963318	0.00247889588637	0.00157880073058	0.000760793761491	0.00150458715596	0.00139892748893	0.00133940530405	0.00255875025251	0.00212150433944	0.00203933951714	0.00269703326341	0.00129407958589	0.00172117039587	0.00212494687633
k__Bacteria;p__Planctomycetes;c__Phycisphaerae;o__WD2101	4.1755396885e-05	0.0	0.0	0.0	0.0	0.0	0.0	5.98515681111e-05	0.0	0.0	0.0	0.0	0.0	0.0	0.0	3.09568770702e-05	0.0	0.0	0.0	0.0	0.0	0.0	0.0	0.0	0.0	0.0	0.0
k__Bacteria;p__Planctomycetes;c__Pla4;o__	8.35107937701e-05	0.0	0.000113591185324	0.000112909296199	0.000315159155373	6.48424328881e-05	0.000270306798216	0.000179554704333	3.02242640392e-05	5.56250869142e-05	0.000139703827885	0.0	0.000111380280121	9.31012010055e-05	0.000200991558355	9.28706312107e-05	0.0	0.000183486238532	0.0	0.000267881060809	0.000134671065921	0.0	0.000263140582856	0.0	0.0	0.0	0.0
k__Bacteria;p__Planctomycetes;c__Planctomycetia;o__Gemmatales	0.00104388492213	0.000907815465874	0.00107911626058	0.00060218291306	0.00157579577687	0.00188043055375	0.00263549128261	0.00125688293033	0.00105784924137	0.000361563064942	0.00111763062308	0.000425170068027	0.000696126750759	0.00111721441207	0.000870963419536	0.000742965049686	0.000316997400621	0.000807339449541	0.000699463744463	0.00133940530405	0.00101003299441	0.000385728061716	0.000657851457141	0.000599340725202	0.000323519896474	0.000430292598967	0.0
k__Bacteria;p__Planctomycetes;c__Planctomycetia;o__Pirellulales	0.00121090650967	0.000412643393579	0.00085193388993	0.00139254798645	0.000315159155373	0.00129684865776	0.00141911069063	0.00167584390711	0.00142054040984	0.00119593936866	0.00174629784856	0.000850340136054	0.00080750703088	0.00130341681408	0.000535977488945	0.00160975760765	0.000380396880746	0.000917431192661	0.000466309162975	0.000535762121618	0.00141404619218	0.000964320154291	0.00190776922571	0.000299670362601	0.0	0.000645438898451	0.000849978750531
k__Bacteria;p__Planctomycetes;c__vadinHA49;o__DH61	4.1755396885e-05	0.0	0.0	3.76364320662e-05	0.0	6.48424328881e-05	0.00033788349777	5.98515681111e-05	3.02242640392e-05	2.78125434571e-05	0.000139703827885	0.0	5.56901400607e-05	0.0	0.0	3.09568770702e-05	0.0	0.000146788990826	0.0	0.0	0.0	0.0	6.57851457141e-05	0.0	0.0	0.0	0.0
k__Bacteria;p__Proteobacteria;Other;Other	0.0	0.0	0.0	3.76364320662e-05	0.0	0.0	0.000135153399108	5.98515681111e-05	3.02242640392e-05	2.78125434571e-05	6.98519139424e-05	0.0	2.78450700304e-05	9.31012010055e-05	0.0	0.0	0.0	3.66972477064e-05	0.0	0.0	6.73355329607e-05	0.0	0.0	0.0	0.0	0.0	0.0
k__Bacteria;p__Proteobacteria;c__;o__	0.000375798571965	0.000165057357432	0.000170386777986	0.000414000752729	0.0	0.000259369731552	6.7576699554e-05	0.000239406272444	0.00036269116847	0.000222500347657	0.000209555741827	0.0	0.000974577451062	9.31012010055e-05	0.000334985930591	0.000185741262421	0.0	0.000330275229358	0.000233154581488	0.000267881060809	0.00202006598882	0.000385728061716	6.57851457141e-05	0.000299670362601	0.0	0.000430292598967	0.0
k__Bacteria;p__Proteobacteria;c__Alphaproteobacteria;Other	0.0	0.0	0.0	0.000112909296199	0.0	0.0	0.0	0.0	3.02242640392e-05	0.0	0.0	0.0	0.0	0.0	0.0	0.0	6.33994801243e-05	3.66972477064e-05	0.0	0.0	0.0	0.0	0.0	0.0	0.0	0.0	0.0
k__Bacteria;p__Proteobacteria;c__Alphaproteobacteria;o__	0.0	0.0	0.0	0.0	0.0	6.48424328881e-05	0.000202730098662	0.0	0.0	0.0	0.0	0.0	0.0	0.0	0.0	0.0	0.0	0.0	0.0	0.000267881060809	0.0	0.0	0.0	0.000299670362601	0.0	0.0	0.0
k__Bacteria;p__Proteobacteria;c__Alphaproteobacteria;o__BD7-3	0.000125266190655	0.000165057357432	5.6795592662e-05	0.0	0.0	0.000129684865776	0.000202730098662	5.98515681111e-05	6.04485280783e-05	8.34376303713e-05	6.98519139424e-05	0.0	8.35352100911e-05	0.0	0.0	6.19137541405e-05	0.0	0.0	0.0	0.0	6.73355329607e-05	0.0	6.57851457141e-05	0.0	0.0	0.0	0.0
k__Bacteria;p__Proteobacteria;c__Alphaproteobacteria;o__Caulobacterales	0.00116915111278	0.00189815961046	0.00176066337252	0.00308618742943	0.00126063662149	0.00213980028531	0.00216245438573	0.00197510174767	0.00217614701082	0.00161312752051	0.00265437272981	0.00170068027211	0.00364770417398	0.00121031561307	0.00194291839743	0.00213602451785	0.00221898180435	0.00264220183486	0.00093261832595	0.00214304848647	0.00249141471955	0.00154291224687	0.00131570291428	0.00179802217561	0.00226463927532	0.0012908777969	0.00169995750106
k__Bacteria;p__Proteobacteria;c__Alphaproteobacteria;o__Ellin329	4.1755396885e-05	0.0	5.6795592662e-05	0.0	0.0	0.0	6.7576699554e-05	0.0	0.000120897056157	8.34376303713e-05	6.98519139424e-05	0.0	0.0	9.31012010055e-05	0.0	0.0	0.000126798960249	3.66972477064e-05	0.0	0.0	0.0	0.0	6.57851457141e-05	0.0	0.0	0.0	0.0
k__Bacteria;p__Proteobacteria;c__Alphaproteobacteria;o__Rhizobiales	0.0937408660069	0.0392836510687	0.0669052081558	0.0798268724125	0.0655531043177	0.0674361302036	0.0735234491147	0.0713430691884	0.0871063289609	0.0395216242525	0.0605616093881	0.0582482993197	0.0872942945452	0.0890978493623	0.0552056813614	0.0742655480915	0.0712610156597	0.0650275229358	0.0613196549312	0.0592017144388	0.0834960608713	0.0638379942141	0.059601342017	0.0668264908601	0.0711743772242	0.0615318416523	0.0548236294093
k__Bacteria;p__Proteobacteria;c__Alphaproteobacteria;o__Rhodobacterales	0.00509415841998	0.0020632169679	0.00266939285511	0.00395182536696	0.00189095493224	0.00278822461419	0.00324368157859	0.00311228154178	0.00411049990933	0.0021415658462	0.00202570550433	0.00255102040816	0.00409322529446	0.00539986965832	0.00308187056144	0.00318855833823	0.00336017244659	0.00223853211009	0.00116577290744	0.00241092954728	0.00383812537876	0.000964320154291	0.00276297611999	0.00209769253821	0.00517631834358	0.00301204819277	0.0
k__Bacteria;p__Proteobacteria;c__Alphaproteobacteria;o__Rhodospirillales	0.0248027057497	0.00800528183544	0.0153348100187	0.0203613097478	0.0110305704381	0.0166645052522	0.0150696040005	0.0179554704333	0.016955812126	0.00720344875539	0.0129226040794	0.016156462585	0.0164285913179	0.0203891630202	0.0125284738041	0.0175215924218	0.0200342357193	0.0137614678899	0.0132898111448	0.0123225287972	0.0147464817184	0.0115718418515	0.0154595092428	0.0110878034162	0.0135878356519	0.0118330464716	0.00977475563111
k__Bacteria;p__Proteobacteria;c__Alphaproteobacteria;o__Rickettsiales	0.00016702158754	0.000495172072295	0.000227182370648	0.000715092209259	0.000630318310747	0.000129684865776	0.000202730098662	0.000359109408667	0.000423139696548	0.000139062717285	0.000628667225482	0.0	0.000306295770334	0.000372404804022	6.69971861182e-05	0.000402439401913	0.000190198440373	0.000110091743119	0.000466309162975	0.0	0.000336677664804	0.0	0.000526281165713	0.0	0.0	0.0	0.0
k__Bacteria;p__Proteobacteria;c__Alphaproteobacteria;o__Sphingomonadales	0.00217128063802	0.000660229429727	0.00141988981655	0.00233345878811	0.000630318310747	0.00155621838931	0.00141911069063	0.00167584390711	0.0013903161458	0.000890001390627	0.0023051131601	0.0	0.00167070420182	0.0017689228191	0.00133994372236	0.00148593009937	0.00164838648323	0.00201834862385	0.000466309162975	0.000267881060809	0.00094269746145	0.000964320154291	0.00124991776857	0.0011986814504	0.00129407958589	0.0012908777969	0.0
k__Bacteria;p__Proteobacteria;c__Betaproteobacteria;o__	0.00041755396885	0.0	0.000340773555972	0.000940910801656	0.000630318310747	0.000194527298664	0.000473036896878	0.000119703136222	0.000151121320196	5.56250869142e-05	6.98519139424e-05	0.000850340136054	0.000222760560243	0.000279303603016	0.000200991558355	0.000123827508281	0.000253597920497	0.000183486238532	0.0	0.0	0.000336677664804	0.000192864030858	0.000131570291428	0.0	0.0	0.000215146299484	0.0
k__Bacteria;p__Proteobacteria;c__Betaproteobacteria;o__Burkholderiales	0.189110192492	0.304035652389	0.207758277958	0.296273993225	0.3460447526	0.175009726365	0.174347884849	0.242458702418	0.256604001693	0.185871227924	0.259988823694	0.34481292517	0.301116587308	0.227353132855	0.254723301621	0.280376435625	0.185570278324	0.252330275229	0.364653765446	0.370211626038	0.198639822234	0.387270973963	0.232089994079	0.33293377285	0.318990617923	0.352839931153	0.411814704632
k__Bacteria;p__Proteobacteria;c__Betaproteobacteria;o__MND1	0.00388325191031	0.000825286787159	0.00363491793037	0.00342491531803	0.00189095493224	0.00298275191285	0.00243276118394	0.00329183624611	0.00320377198815	0.000834376303713	0.00188600167645	0.000850340136054	0.00306295770334	0.0033516432362	0.00154093528072	0.00321951521531	0.00323337348634	0.0022752293578	0.00139892748893	0.00267881060809	0.00296276345027	0.00270009643202	0.00203933951714	0.00239736290081	0.00129407958589	0.00193631669535	0.00212494687633
k__Bacteria;p__Proteobacteria;c__Betaproteobacteria;o__Methylophilales	0.00108564031901	0.00132045885945	0.000681547111944	0.00105382009785	0.00094547746612	0.000518739463105	0.00108122719286	0.000957625089777	0.000816055129058	0.000584063412599	0.00132718636491	0.000850340136054	0.00119733801131	0.000744809608044	0.000468980302827	0.000897749435037	0.00088759272174	0.000990825688073	0.000466309162975	0.000267881060809	0.00107736852737	0.000964320154291	0.000657851457141	0.000299670362601	0.000323519896474	0.000645438898451	0.00169995750106
k__Bacteria;p__Proteobacteria;c__Betaproteobacteria;o__Neisseriales	0.0	0.000165057357432	5.6795592662e-05	7.52728641325e-05	0.000315159155373	0.0	6.7576699554e-05	5.98515681111e-05	9.06727921175e-05	0.000111250173828	6.98519139424e-05	0.000425170068027	2.78450700304e-05	0.000186202402011	0.000200991558355	6.19137541405e-05	0.0	0.0	0.000466309162975	0.000267881060809	6.73355329607e-05	0.000192864030858	0.00032892572857	0.0	0.0	0.000215146299484	0.0
k__Bacteria;p__Proteobacteria;c__Betaproteobacteria;o__Nitrosomonadales	8.35107937701e-05	0.0	0.0	0.0	0.0	0.0	0.0	0.000119703136222	0.0	0.000111250173828	0.0	0.0	0.0	0.0	6.69971861182e-05	0.0	0.0	3.66972477064e-05	0.0	0.0	6.73355329607e-05	0.0	6.57851457141e-05	0.0	0.0	0.0	0.0
k__Bacteria;p__Proteobacteria;c__Betaproteobacteria;o__Rhodocyclales	0.00016702158754	0.000495172072295	0.000170386777986	0.000263455024464	0.000315159155373	0.0	0.0	0.000299257840555	6.04485280783e-05	0.0001946878042	0.00055881531154	0.0	0.000445521120486	0.000372404804022	0.000535977488945	0.000216698139492	6.33994801243e-05	0.000256880733945	0.0	0.000535762121618	0.000134671065921	0.0	0.000657851457141	0.0	0.0	0.000645438898451	0.0
k__Bacteria;p__Proteobacteria;c__Betaproteobacteria;o__SC-I-84	0.000208776984425	0.0	0.000340773555972	3.76364320662e-05	0.000315159155373	6.48424328881e-05	0.0	0.000179554704333	0.000151121320196	0.000166875260743	0.000209555741827	0.000425170068027	0.000194915490212	0.000186202402011	0.000200991558355	9.28706312107e-05	0.000380396880746	3.66972477064e-05	0.000466309162975	0.000535762121618	0.000336677664804	0.000385728061716	0.0	0.0	0.000647039792947	0.0	0.000424989375266
k__Bacteria;p__Proteobacteria;c__Deltaproteobacteria;Other	0.0	0.0	0.0	3.76364320662e-05	0.0	0.0	0.0	0.0	0.0	0.0	0.0	0.0	0.0	0.0	0.0	0.0	0.0	0.0	0.0	0.0	6.73355329607e-05	0.0	0.0	0.0	0.0	0.0	0.0
k__Bacteria;p__Proteobacteria;c__Deltaproteobacteria;o__	0.0	0.0	5.6795592662e-05	7.52728641325e-05	0.0	0.0	0.0	0.0	0.0	0.0	0.0	0.0	8.35352100911e-05	0.0	0.0	0.0	0.0	0.0	0.0	0.0	0.0	0.0	0.0	0.0	0.0	0.0	0.0
k__Bacteria;p__Proteobacteria;c__Deltaproteobacteria;o__Bdellovibrionales	0.000668086350161	0.00462160600809	0.000681547111944	0.00195709446744	0.00126063662149	0.00103747892621	0.000810920394648	0.00191525017955	0.00217614701082	0.000834376303713	0.00195585359039	0.000850340136054	0.00189346476206	0.00148961921609	0.00107195497789	0.00120731820574	0.00126798960249	0.00132110091743	0.00093261832595	0.00107152424324	0.00181805938994	0.0	0.00177619893428	0.0	0.00194111937884	0.000860585197935	0.0
k__Bacteria;p__Proteobacteria;c__Deltaproteobacteria;o__MIZ46	0.00041755396885	0.000247586036148	0.000681547111944	0.000677455777192	0.000630318310747	0.000194527298664	0.000540613596432	0.000837921953555	0.000181345584235	0.000417188151856	0.00027940765577	0.0	0.000278450700304	0.000465506005027	0.000334985930591	0.000433396278983	0.000190198440373	0.000587155963303	0.0	0.000535762121618	0.000606019796647	0.000192864030858	0.000131570291428	0.000599340725202	0.000323519896474	0.0	0.0
k__Bacteria;p__Proteobacteria;c__Deltaproteobacteria;o__Myxococcales	0.0379974111654	0.024098374185	0.0292497302209	0.0281144147535	0.0195398676332	0.0283361431721	0.0381132585485	0.0257960258559	0.0560962340567	0.0168265887915	0.0396060352054	0.0238095238095	0.0277893798903	0.0310958011358	0.023784001072	0.0296257313562	0.0308755468205	0.0287339449541	0.0223828398228	0.0216983659255	0.029156285772	0.0185149469624	0.0253272810999	0.0221756068325	0.0168230346166	0.0215146299484	0.0186995325117
k__Bacteria;p__Proteobacteria;c__Deltaproteobacteria;o__NB1-j	0.00283936698818	0.00140298753817	0.00255580166979	0.00237109522017	0.00252127324299	0.00233432758397	0.00202730098662	0.00263346899689	0.00272018376353	0.00250312891114	0.00125733445096	0.000425170068027	0.00395399994431	0.00279303603016	0.00107195497789	0.00219793827199	0.00196538388385	0.00150458715596	0.00209839123339	0.00133940530405	0.00215473705474	0.00308582449373	0.00111834747714	0.00209769253821	0.00194111937884	0.00107573149742	0.00212494687633
k__Bacteria;p__Proteobacteria;c__Deltaproteobacteria;o__Spirobacillales	8.35107937701e-05	8.25286787159e-05	0.0	0.000112909296199	0.0	0.000259369731552	6.7576699554e-05	0.000119703136222	6.04485280783e-05	0.000139062717285	6.98519139424e-05	0.000425170068027	0.000194915490212	0.0	0.0	0.000185741262421	0.000190198440373	0.000183486238532	0.0	0.0	0.000134671065921	0.000192864030858	0.000131570291428	0.0	0.000323519896474	0.000215146299484	0.0
k__Bacteria;p__Proteobacteria;c__Deltaproteobacteria;o__Syntrophobacterales	0.0011273957159	0.000495172072295	0.00113591185324	0.00150545728265	0.000315159155373	0.000778109194657	0.000608190295986	0.00101747665789	0.00111829776945	0.000917813934084	0.000488963397597	0.00127551020408	0.00080750703088	0.000744809608044	0.0007369690473	0.000990620066248	0.00088759272174	0.000477064220183	0.000699463744463	0.000803643182427	0.00148138172514	0.0	0.000592066311427	0.000599340725202	0.000323519896474	0.000860585197935	0.0
k__Bacteria;p__Proteobacteria;c__Deltaproteobacteria;o__[Entotheonellales]	0.00016702158754	8.25286787159e-05	0.00028397796331	0.000150545728265	0.0	6.48424328881e-05	0.0	0.000299257840555	0.000211569848274	0.000139062717285	6.98519139424e-05	0.0	0.000111380280121	0.000186202402011	6.69971861182e-05	0.000278611893632	0.000126798960249	0.000110091743119	0.0	0.0	6.73355329607e-05	0.0	6.57851457141e-05	0.0	0.000323519896474	0.0	0.0
k__Bacteria;p__Proteobacteria;c__Gammaproteobacteria;Other	0.000292287778195	8.25286787159e-05	0.000170386777986	0.000188182160331	0.0	0.000129684865776	0.000202730098662	5.98515681111e-05	0.000302242640392	0.0001946878042	6.98519139424e-05	0.0	0.000167070420182	0.000465506005027	0.000133994372236	0.000216698139492	0.000126798960249	7.33944954128e-05	0.0	0.0	0.000606019796647	0.0	6.57851457141e-05	0.0	0.0	0.0	0.0
k__Bacteria;p__Proteobacteria;c__Gammaproteobacteria;o__34P16	0.000542820159506	8.25286787159e-05	0.000227182370648	0.000225818592397	0.000630318310747	0.000194527298664	0.000270306798216	0.0	0.000483588224627	0.000278125434571	6.98519139424e-05	0.0	5.56901400607e-05	9.31012010055e-05	0.000334985930591	0.000309568770702	0.000126798960249	0.000146788990826	0.000233154581488	0.000535762121618	0.000134671065921	0.0	6.57851457141e-05	0.0	0.0	0.000215146299484	0.000424989375266
k__Bacteria;p__Proteobacteria;c__Gammaproteobacteria;o__Aeromonadales	0.0	0.0	0.0	0.0	0.0	6.48424328881e-05	6.7576699554e-05	0.0	3.02242640392e-05	0.0	0.0	0.0	0.0	0.0	6.69971861182e-05	0.0	0.0	7.33944954128e-05	0.000466309162975	0.0	0.0	0.0	6.57851457141e-05	0.000299670362601	0.0	0.0	0.0
k__Bacteria;p__Proteobacteria;c__Gammaproteobacteria;o__Alteromonadales	0.000292287778195	0.000742758108443	0.000511160333958	0.00109145652992	0.000315159155373	0.000259369731552	0.000540613596432	0.001077328226	0.00111829776945	0.000472813238771	0.00251466890193	0.000425170068027	0.00133656336146	0.000651708407038	0.000468980302827	0.000588180664335	0.000253597920497	0.000293577981651	0.00139892748893	0.000267881060809	0.000606019796647	0.000578592092575	0.000986777185711	0.000599340725202	0.000647039792947	0.000645438898451	0.000424989375266
k__Bacteria;p__Proteobacteria;c__Gammaproteobacteria;o__Enterobacteriales	0.000292287778195	0.000247586036148	0.000170386777986	0.000112909296199	0.000315159155373	0.00032421216444	0.00033788349777	0.000538664113	6.04485280783e-05	5.56250869142e-05	0.00027940765577	0.0	8.35352100911e-05	0.000279303603016	0.000334985930591	0.000123827508281	0.000126798960249	3.66972477064e-05	0.000233154581488	0.000267881060809	0.000269342131843	0.0	6.57851457141e-05	0.0011986814504	0.000647039792947	0.0	0.0
k__Bacteria;p__Proteobacteria;c__Gammaproteobacteria;o__Legionellales	0.000793352540816	0.00132045885945	0.00028397796331	0.000715092209259	0.00126063662149	0.000778109194657	0.00067576699554	0.00119703136222	0.000785830865018	0.000500625782228	0.000628667225482	0.000425170068027	0.000751816890819	0.00121031561307	0.000602974675064	0.000928706312107	0.000570595321118	0.000330275229358	0.0	0.000535762121618	0.000808026395529	0.000964320154291	0.00111834747714	0.0	0.000647039792947	0.000430292598967	0.0
k__Bacteria;p__Proteobacteria;c__Gammaproteobacteria;o__Pseudomonadales	0.00421729508539	0.000825286787159	0.00721304026808	0.011930748965	0.00126063662149	0.00492802489949	0.00547371266387	0.007541297582	0.00205524995466	0.00297594214991	0.0499441184688	0.00170068027211	0.00331356333361	0.00614467926636	0.00401983116709	0.0048911865771	0.00386736828758	0.00135779816514	0.00326416414083	0.00267881060809	0.00612753349943	0.00308582449373	0.00124991776857	0.00239736290081	0.00291167906826	0.0025817555938	0.00254993625159
k__Bacteria;p__Proteobacteria;c__Gammaproteobacteria;o__Xanthomonadales	0.0939913983882	0.0360650325988	0.0760492985744	0.0745954083553	0.0687046958714	0.0611464142135	0.0652115150696	0.0723006942782	0.0733845130871	0.0439160061188	0.0576976809165	0.0642006802721	0.0827277030602	0.0816497532818	0.070280048238	0.0703649815807	0.0758891777087	0.061871559633	0.0610865003497	0.0664345030806	0.0863241532557	0.0626808100289	0.0593382014341	0.0677255019479	0.0695567777418	0.0621772805508	0.0458988525287
k__Bacteria;p__Proteobacteria;c__TA18;o__CV90	0.00041755396885	0.000495172072295	0.000340773555972	0.000188182160331	0.0	0.000259369731552	0.000135153399108	0.000179554704333	9.06727921175e-05	5.56250869142e-05	6.98519139424e-05	0.0	0.000139225350152	0.000372404804022	0.000133994372236	0.000216698139492	0.000190198440373	0.000146788990826	0.0	0.0	6.73355329607e-05	0.0	6.57851457141e-05	0.0	0.0	0.0	0.0
k__Bacteria;p__Proteobacteria;c__TA18;o__PHOS-HD29	4.1755396885e-05	8.25286787159e-05	0.000113591185324	3.76364320662e-05	0.0	6.48424328881e-05	0.0	0.000179554704333	0.0	0.0	0.0	0.0	5.56901400607e-05	9.31012010055e-05	0.000200991558355	3.09568770702e-05	0.0	3.66972477064e-05	0.0	0.0	6.73355329607e-05	0.000192864030858	0.0	0.0	0.0	0.0	0.0
k__Bacteria;p__SBR1093;c__;o__	0.00025053238131	8.25286787159e-05	0.000795138297268	0.00030109145653	0.000315159155373	0.000129684865776	0.000270306798216	0.000718218817333	0.000211569848274	5.56250869142e-05	0.0	0.000850340136054	0.000167070420182	0.000372404804022	0.000267988744473	0.000309568770702	0.000126798960249	0.000183486238532	0.000466309162975	0.000535762121618	0.000404013197764	0.000192864030858	0.00032892572857	0.000299670362601	0.0	0.000645438898451	0.000849978750531
k__Bacteria;p__Spirochaetes;c__Spirochaetes;o__Spirochaetales	0.000208776984425	0.0	0.0	0.0	0.000630318310747	6.48424328881e-05	0.000135153399108	5.98515681111e-05	9.06727921175e-05	0.0	0.000139703827885	0.0	0.000361985910395	9.31012010055e-05	6.69971861182e-05	9.28706312107e-05	0.0	3.66972477064e-05	0.0	0.000267881060809	0.0	0.0	0.000592066311427	0.0	0.0	0.000215146299484	0.0
k__Bacteria;p__Spirochaetes;c__[Leptospirae];o__[Leptospirales]	0.00016702158754	0.000165057357432	0.0	0.000150545728265	0.000315159155373	0.000129684865776	0.000135153399108	0.000179554704333	0.0	0.0001946878042	0.000209555741827	0.0	0.000194915490212	0.0	0.000200991558355	9.28706312107e-05	0.000126798960249	0.0	0.0	0.000267881060809	0.000202006598882	0.0	0.000460496019999	0.0	0.0	0.000215146299484	0.000424989375266
k__Bacteria;p__TM6;c__SJA-4;o__	4.1755396885e-05	0.0	0.000113591185324	7.52728641325e-05	0.0	0.000259369731552	0.000270306798216	0.000179554704333	9.06727921175e-05	0.000111250173828	0.000209555741827	0.0	0.000222760560243	0.000372404804022	0.000200991558355	9.28706312107e-05	0.0	0.000110091743119	0.0	0.0	0.000269342131843	0.000192864030858	0.000131570291428	0.000599340725202	0.0	0.0	0.0
k__Bacteria;p__TM7;c__MJK10;o__	4.1755396885e-05	0.0	0.0	0.0	0.0	0.0	0.0	5.98515681111e-05	0.0	2.78125434571e-05	0.0	0.0	0.0	0.0	0.0	3.09568770702e-05	0.0	0.0	0.0	0.0	0.0	0.0	0.0	0.0	0.0	0.0	0.0
k__Bacteria;p__TM7;c__SC3;o__	0.000584575556391	0.0	0.0	0.000188182160331	0.000630318310747	0.000583581895993	0.000202730098662	0.00622456308355	0.000997400713293	5.56250869142e-05	6.98519139424e-05	0.0	0.000473366190516	0.000837910809049	0.00247889588637	0.000557223787264	0.00044379636087	0.000146788990826	0.000466309162975	0.00107152424324	0.0	0.000771456123433	0.000131570291428	0.00149835181301	0.00194111937884	0.0	0.0
k__Bacteria;p__TM7;c__TM7-1;o__	0.00972900747422	0.000825286787159	0.00834895212132	0.00361309747836	0.00346675070911	0.00577097652704	0.00831193404514	0.00574575053866	0.0129359850088	0.00125156445557	0.00614696842693	0.0046768707483	0.00456659148498	0.0121962573317	0.00261289025861	0.00390056651085	0.0044379636087	0.00355963302752	0.00303100955934	0.00187516742566	0.020604673086	0.00289296046287	0.00499967107427	0.00239736290081	0.00258815917179	0.00172117039587	0.00212494687633
k__Bacteria;p__TM7;c__TM7-3;o__EW055	8.35107937701e-05	0.0	0.0	0.0	0.0	0.000129684865776	0.000135153399108	0.000119703136222	0.0	0.000445000695314	6.98519139424e-05	0.000425170068027	0.0	0.000186202402011	6.69971861182e-05	3.09568770702e-05	6.33994801243e-05	0.000183486238532	0.000233154581488	0.0	0.0	0.0	0.000131570291428	0.0	0.0	0.0	0.0
k__Bacteria;p__TM7;c__TM7-3;o__I025	4.1755396885e-05	0.0	0.0	0.0	0.0	0.0	0.0	0.0	0.0	0.0	0.0	0.0	5.56901400607e-05	0.0	0.0	0.0	6.33994801243e-05	0.0	0.0	0.0	0.0	0.0	0.0	0.0	0.0	0.0	0.0
k__Bacteria;p__Tenericutes;c__Mollicutes;o__Acholeplasmatales	0.0	0.0	0.0	0.0	0.0	0.0	0.0	0.0	0.0	0.0	0.000139703827885	0.0	0.0	0.0	0.0	0.0	0.0	0.0	0.0	0.0	0.0	0.0	0.0	0.0	0.0	0.0	0.0
k__Bacteria;p__Tenericutes;c__Mollicutes;o__Anaeroplasmatales	0.0	0.0	5.6795592662e-05	0.000150545728265	0.0	0.000129684865776	0.0	0.000119703136222	3.02242640392e-05	0.000111250173828	0.000349259569712	0.0	0.000334140840364	9.31012010055e-05	0.0	0.000154784385351	0.0	0.000110091743119	0.0	0.0	0.000134671065921	0.0	0.0	0.0	0.0	0.0	0.0
k__Bacteria;p__Verrucomicrobia;c__Opitutae;o__	8.35107937701e-05	0.0	5.6795592662e-05	0.0	0.0	0.0	0.0	0.0	3.02242640392e-05	0.0	0.0	0.0	0.0	9.31012010055e-05	6.69971861182e-05	0.0	0.0	0.0	0.000233154581488	0.0	0.0	0.0	6.57851457141e-05	0.0	0.0	0.0	0.0
k__Bacteria;p__Verrucomicrobia;c__Opitutae;o__Opitutales	0.000125266190655	0.000330114714863	0.0	0.000188182160331	0.0	0.0	0.000135153399108	0.000179554704333	0.000241794112313	8.34376303713e-05	6.98519139424e-05	0.0	0.000139225350152	0.000279303603016	0.000133994372236	0.000123827508281	0.000126798960249	3.66972477064e-05	0.0	0.0	0.000134671065921	0.0	0.000197355437142	0.0	0.0	0.0	0.0
k__Bacteria;p__Verrucomicrobia;c__Verrucomicrobiae;o__Verrucomicrobiales	0.00041755396885	0.000165057357432	0.00028397796331	0.00030109145653	0.0	0.000259369731552	0.000540613596432	0.000239406272444	0.000302242640392	0.000111250173828	0.00027940765577	0.0	0.000278450700304	0.000372404804022	0.000602974675064	0.000185741262421	0.000190198440373	0.000183486238532	0.0	0.000267881060809	0.000202006598882	0.0	0.00032892572857	0.0	0.000323519896474	0.0	0.0
k__Bacteria;p__Verrucomicrobia;c__[Methylacidiphilae];o__Methylacidiphilales	0.0	0.0	0.0	0.0	0.0	0.0	0.0	0.0	3.02242640392e-05	0.0	0.0	0.0	0.0	0.0	0.0	0.0	0.0	0.0	0.0	0.0	6.73355329607e-05	0.0	0.0	0.0	0.0	0.0	0.0
k__Bacteria;p__Verrucomicrobia;c__[Pedosphaerae];o__[Pedosphaerales]	0.003632719529	0.00132045885945	0.00198784574317	0.00188182160331	0.00157579577687	0.0016210608222	0.00209487768617	0.001615992339	0.00120897056157	0.000945626477541	0.00195585359039	0.000425170068027	0.002756661933	0.00214132762313	0.00187592121131	0.00219793827199	0.00145818804286	0.00139449541284	0.000699463744463	0.00107152424324	0.00249141471955	0.00135004821601	0.00164462864285	0.0011986814504	0.000970559689421	0.000645438898451	0.0012749681258
k__Bacteria;p__Verrucomicrobia;c__[Spartobacteria];o__[Chthoniobacterales]	0.000668086350161	0.000330114714863	0.000511160333958	0.000414000752729	0.000630318310747	0.000648424328881	0.000810920394648	0.000718218817333	0.000483588224627	0.000417188151856	0.000908074881252	0.000425170068027	0.00077966196085	0.000837910809049	0.000401983116709	0.000588180664335	0.000316997400621	0.000293577981651	0.000233154581488	0.000267881060809	0.000606019796647	0.000192864030858	0.000460496019999	0.0	0.000323519896474	0.000215146299484	0.0
k__Bacteria;p__WS3;c__PRR-12;o__LD1-PA13	4.1755396885e-05	0.0	0.0	0.0	0.0	0.0	0.0	5.98515681111e-05	6.04485280783e-05	8.34376303713e-05	0.0	0.0	2.78450700304e-05	0.0	6.69971861182e-05	0.0	6.33994801243e-05	3.66972477064e-05	0.0	0.0	0.0	0.0	0.0	0.0	0.0	0.0	0.0
k__Bacteria;p__WS3;c__PRR-12;o__Sediment-1	0.0	0.0	0.0	3.76364320662e-05	0.0	0.0	0.0	0.0	0.0	8.34376303713e-05	0.0	0.0	0.0	0.0	0.0	0.0	6.33994801243e-05	0.0	0.0	0.0	0.0	0.0	0.0	0.0	0.0	0.0	0.0
k__Bacteria;p__[Thermi];c__Deinococci;o__Deinococcales	0.0	8.25286787159e-05	0.0	3.76364320662e-05	0.0	0.0	6.7576699554e-05	0.0	0.0	0.0	0.0	0.0	8.35352100911e-05	0.0	0.0	0.0	0.0	0.0	0.0	0.0	0.0	0.0	6.57851457141e-05	0.0	0.0	0.0	0.0