KO6	WT8	KO2	KO5	OE2	WT1	WT2	WT4	KO7	KO3	WT6	KO9	WT3	KO1	KO4	WT5	KO8	OE6	OE5	WT7	OE7	WT9	OE1	OE8	OE9
k__Archaea;p__Crenarchaeota;c__Thaumarchaeota;o__Nitrososphaerales;f__Nitrososphaeraceae;g__	0.00225173475484	0.000547395310647	0.00475148483901	0.00228692775759	0.0013783597519	0.00131734035915	0.00574420126518	0.0047040376323	0.000716402357615	0.00115129151292	0.000834471248672	0.0022393705553	0.00292427145306	0.00196621031168	0.00150713376649	0.000868751670676	0.00168323180507	0.00126262626263	0.000873108265425	0.0037055874446	0.0010593220339	0.00208483105679	0.000657462195924	0.00107257776189	0.000488042947779
k__Bacteria;Other;Other;Other;Other;Other	0.000183815082027	0.0	0.000250078149422	0.000122513987014	0.0	0.000277334812452	7.271140842e-05	0.000130667712008	0.00016281871764	0.000236162361624	0.000531027158246	0.000121047057043	0.000302510839972	0.000145645208273	0.000234443030344	0.000267308206362	4.00769477397e-05	0.000252525252525	0.0	0.000217975732035	0.0	0.000503235082674	0.0	0.0	0.0
k__Bacteria;p__Acidobacteria;c__Acidobacteria-6;o__iii1-15;f__;g__	0.000643352787096	9.12325517745e-05	0.000562675836199	0.000735083922081	0.000344589937974	0.000346668515565	0.00087253690104	0.000522670848033	0.000423328665863	0.000206642066421	0.000531027158246	0.000272355878348	0.000907532519915	0.000436935624818	0.000468886060687	0.000400962309543	0.000320615581917	0.000505050505051	0.00058207217695	0.000508610041415	0.0	0.000287562904385	0.000328731097962	0.0	0.00024402147389
k__Bacteria;p__Acidobacteria;c__Sva0725;o__Sva0725;f__;g__	0.000551445246082	9.12325517745e-05	0.000187558612066	0.000326703965369	0.0	0.000346668515565	7.271140842e-05	0.000196001568013	0.000390764922335	0.00079704797048	0.000379305113033	0.000121047057043	0.000605021679944	0.000145645208273	0.000401902337732	0.0	0.000160307790959	0.000252525252525	0.0	0.00029063430938	0.0	0.000143781452193	0.000328731097962	0.000715051841258	0.000488042947779
k__Bacteria;p__Actinobacteria;c__Acidimicrobiia;o__Acidimicrobiales;f__;g__	0.00611185147741	0.00173341848371	0.00725226633323	0.00559480540695	0.00585802894555	0.00457602440546	0.007271140842	0.00548804390435	0.00491712527272	0.00351291512915	0.00326202397208	0.00499319110304	0.00635272763941	0.00582580833091	0.00505727108313	0.0049452018177	0.00508977236294	0.00353535353535	0.00552968568102	0.00574002761026	0.00614406779661	0.00330697340043	0.00756081525312	0.00715051841258	0.00488042947779
k__Bacteria;p__Actinobacteria;c__Acidimicrobiia;o__Acidimicrobiales;f__C111;g__	0.000827167869124	0.000273697655323	0.000812753985621	0.000285865969698	0.0	0.000624003328018	0.00065440267578	0.000457336992029	0.000586147383503	0.000147601476015	0.00045516613564	0.000242094114087	0.000403347786629	7.28226041363e-05	0.000267934891821	0.000334135257952	0.000240461686438	0.0	0.00058207217695	0.000217975732035	0.00021186440678	0.000359453630482	0.000328731097962	0.0	0.00024402147389
k__Bacteria;p__Actinobacteria;c__Actinobacteria;o__Actinomycetales;f__Actinosynnemataceae;g__	0.0150268829557	0.00702490648663	0.0115661144108	0.0127006166537	0.0203308063405	0.00942938362338	0.0129426306988	0.0137854436169	0.0105506529031	0.00560885608856	0.0207100591716	0.023785746709	0.0162347484118	0.017113311972	0.0183535400898	0.0179096498262	0.0178743186919	0.0239898989899	0.0209545983702	0.0163481799026	0.0169491525424	0.0103522645579	0.0200525969757	0.0235967107615	0.0146412884334
k__Bacteria;p__Actinobacteria;c__Actinobacteria;o__Actinomycetales;f__Actinosynnemataceae;g__Saccharothrix	0.000965029180644	9.12325517745e-05	0.000500156298843	0.00220525176624	0.000689179875948	0.000208001109339	0.00123609394314	0.000130667712008	0.000488456152919	0.000236162361624	7.58610226066e-05	0.000696020578	0.000705858626601	0.000655403437227	0.000736820952509	0.000601443464314	0.000681308111574	0.00378787878788	0.0011641443539	0.000871902928141	0.000847457627119	7.18907260963e-05	0.00131492439185	0.00214515552378	0.00146412884334
k__Bacteria;p__Actinobacteria;c__Actinobacteria;o__Actinomycetales;f__Cellulomonadaceae;g__Cellulomonas	0.000413583934562	0.000456162758872	0.00150046889653	0.00159268183118	0.00206753962784	0.000693337031131	0.00123609394314	0.000653338560042	0.00104203979289	0.000413284132841	0.00022758306782	0.000817067635043	0.000806695573258	0.000728226041363	0.000636345368076	0.000868751670676	0.000681308111574	0.00176767676768	0.00378346915017	0.000653927196106	0.000635593220339	0.000575125808771	0.00164365548981	0.00107257776189	0.000732064421669
k__Bacteria;p__Actinobacteria;c__Actinobacteria;o__Actinomycetales;f__Cryptosporangiaceae;g__Cryptosporangium	0.000275722623041	9.12325517745e-05	0.000375117224133	0.000775921917752	0.00103376981392	6.93337031131e-05	0.00043626845052	0.0	0.00403790419747	0.00029520295203	0.000379305113033	0.000453926463913	0.000605021679944	0.000436935624818	0.000937772121375	0.00100240577386	0.00124238537993	0.000505050505051	0.00261932479627	0.00326963598053	0.00169491525424	0.0	0.00230111768573	0.000715051841258	0.000976085895559
k__Bacteria;p__Actinobacteria;c__Actinobacteria;o__Actinomycetales;f__Geodermatophilaceae;g__	0.00137861311521	0.00082109296597	0.00237574241951	0.00224608976191	0.0013783597519	0.0015946751716	0.00123609394314	0.00117600940808	0.00149793220229	0.00121033210332	0.00151722045213	0.00102889998487	0.000806695573258	0.00123798427032	0.00147364190502	0.00147019513499	0.00164315485733	0.00151515151515	0.0023282887078	0.00152583012425	0.00127118644068	0.00129403306973	0.00262984878369	0.0025026814444	0.000732064421669
k__Bacteria;p__Actinobacteria;c__Actinobacteria;o__Actinomycetales;f__Geodermatophilaceae;g__Geodermatophilus	0.000597399016589	0.000273697655323	0.000250078149422	0.000245027974027	0.000689179875948	0.000208001109339	0.00050897985894	0.000326669280021	0.000488456152919	0.000206642066421	0.000303444090426	0.000151308821304	0.000302510839972	0.0	0.000334918614777	0.000534616412724	0.000120230843219	0.000757575757576	0.00174621653085	0.00014531715469	0.000847457627119	0.000215672178289	0.000328731097962	0.00107257776189	0.0
k__Bacteria;p__Actinobacteria;c__Actinobacteria;o__Actinomycetales;f__Glycomycetaceae;g__Glycomyces	0.00321676393548	0.000456162758872	0.00675211003439	0.00069424592641	0.00241212956582	0.000693337031131	0.0014542281684	0.00104534169607	0.00100947604937	0.00212546125461	0.000758610226066	0.000726282342261	0.000403347786629	0.00269443635304	0.00110523142876	0.000868751670676	0.00384738698301	0.000757575757576	0.00174621653085	0.00058126861876	0.000635593220339	0.000575125808771	0.00131492439185	0.00178762960315	0.00146412884334
k__Bacteria;p__Actinobacteria;c__Actinobacteria;o__Actinomycetales;f__Intrasporangiaceae;Other	0.00105693672166	0.000364930207098	0.00118787120975	0.00122513987014	0.0013783597519	0.00131734035915	0.00152693957682	0.00111067555207	0.00113973102348	0.000619926199262	0.000531027158246	0.00102889998487	0.000705858626601	0.00123798427032	0.000770312813986	0.000668270515905	0.00148284706637	0.000757575757576	0.000873108265425	0.00108987866018	0.000847457627119	0.000503235082674	0.000657462195924	0.00107257776189	0.00024402147389
k__Bacteria;p__Actinobacteria;c__Actinobacteria;o__Actinomycetales;f__Microbacteriaceae;g__	0.000183815082027	9.12325517745e-05	0.000187558612066	0.000204189978356	0.0	6.93337031131e-05	0.00094524830946	0.000392003136025	0.000227946204696	0.000324723247232	0.0	0.000121047057043	0.000201673893315	0.000145645208273	0.000133967445911	6.68270515905e-05	8.01538954793e-05	0.0	0.000291036088475	0.00029063430938	0.0	0.0	0.000328731097962	0.0	0.00024402147389
k__Bacteria;p__Actinobacteria;c__Actinobacteria;o__Actinomycetales;f__Microbacteriaceae;g__Agromyces	0.00693901934654	0.00209834869081	0.00593935604877	0.00539061542859	0.00447966919366	0.00506136032726	0.00625318112412	0.00522670848033	0.00566609137386	0.0030110701107	0.00447580033379	0.00484188228174	0.00685691237269	0.00349548499854	0.00532520597495	0.0049452018177	0.0088970823982	0.00454545454545	0.00756693830035	0.00719319915716	0.00466101694915	0.00294751976995	0.00328731097962	0.00715051841258	0.00683260126891
k__Bacteria;p__Actinobacteria;c__Actinobacteria;o__Actinomycetales;f__Microbacteriaceae;g__Microbacterium	0.0019760121318	0.00474409269227	0.00100031259769	0.00163351982685	0.00206753962784	0.000762670734244	0.00210863084418	0.00117600940808	0.000976912305839	0.00115129151292	0.00045516613564	0.000726282342261	0.00131088030654	0.00109233906204	0.00140665818206	0.000601443464314	0.00140269317089	0.00126262626263	0.00174621653085	0.00167114727894	0.00148305084746	0.000431344356578	0.00197238658777	0.0025026814444	0.00195217179112
k__Bacteria;p__Actinobacteria;c__Actinobacteria;o__Actinomycetales;f__Micrococcaceae;g__	0.00206791967281	0.000456162758872	0.00268834010628	0.00110262588312	0.00275671950379	0.00242667960896	0.00341743619574	0.00254802038416	0.000879221075255	0.00141697416974	0.000834471248672	0.00118020880617	0.00171422809317	0.00262161374891	0.00157411748945	0.00153702218658	0.00200384738698	0.00126262626263	0.00261932479627	0.00217975732035	0.00127118644068	0.000718907260963	0.00164365548981	0.00178762960315	0.00146412884334
k__Bacteria;p__Actinobacteria;c__Actinobacteria;o__Actinomycetales;f__Micrococcaceae;g__Arthrobacter	0.000873121639631	0.000364930207098	0.00250078149422	0.00130681586148	0.00103376981392	0.00180267628094	0.0029084563368	0.00169868025611	0.00107460353642	0.000708487084871	0.000910332271279	0.00121047057043	0.00201673893315	0.00138362947859	0.00123919887467	0.00100240577386	0.00160307790959	0.00151515151515	0.000873108265425	0.00188912301097	0.00169491525424	0.000575125808771	0.00262984878369	0.00143010368252	0.00146412884334
k__Bacteria;p__Actinobacteria;c__Actinobacteria;o__Actinomycetales;f__Micromonosporaceae;Other	0.00680115803502	0.00337560441566	0.00443888715224	0.00673826928574	0.00861474844935	0.00312001664009	0.00458081873046	0.00378936364824	0.0036145755316	0.00180073800738	0.00356546806251	0.00381298229687	0.00403347786629	0.00407806583163	0.00612901065041	0.00748462977813	0.00545046489259	0.00580808080808	0.00407450523865	0.00588534476495	0.00593220338983	0.00402588066139	0.00624589086128	0.00715051841258	0.00610053684724
k__Bacteria;p__Actinobacteria;c__Actinobacteria;o__Actinomycetales;f__Micromonosporaceae;g__	0.0192546298424	0.0050177903476	0.0167552360113	0.01490586842	0.0144727773949	0.0113707273105	0.0182505635134	0.00901607212858	0.0143280471523	0.00581549815498	0.00978607191625	0.0186412467847	0.0142180094787	0.0132537139528	0.0175162435528	0.0218524458701	0.014628085925	0.0212121212121	0.0203725261932	0.0216522560488	0.0279661016949	0.00884255930985	0.025641025641	0.0311047550947	0.0158613958028
k__Bacteria;p__Actinobacteria;c__Actinobacteria;o__Actinomycetales;f__Micromonosporaceae;g__Actinoplanes	0.0158540508249	0.00647751117599	0.00919037199125	0.00706497325111	0.0110268780152	0.00547736254593	0.00996146295354	0.00640271788841	0.0137418997688	0.00611070110701	0.00788954635108	0.00798910576487	0.00917616214581	0.00859306728809	0.0127938910845	0.00755145682972	0.0141070856044	0.0133838383838	0.0136786961583	0.0113347380658	0.0127118644068	0.00884255930985	0.0151216305062	0.0146585627458	0.0126891166423
k__Bacteria;p__Actinobacteria;c__Actinobacteria;o__Actinomycetales;f__Micromonosporaceae;g__Catellatospora	0.00597399016589	0.00328437186388	0.00475148483901	0.00690162126843	0.00310130944176	0.00651736809263	0.0050897985894	0.00365869593623	0.00472174281155	0.0029520295203	0.00386891215294	0.00508397639582	0.00514268427952	0.00509758228954	0.00572710831268	0.00648222400428	0.00436838730362	0.00277777777778	0.0046565774156	0.00399622175398	0.00593220338983	0.00373831775701	0.00723208415516	0.0060779406507	0.00585651537335
k__Bacteria;p__Actinobacteria;c__Actinobacteria;o__Actinomycetales;f__Micromonosporaceae;g__Virgisporangium	0.0215063645972	0.0110391387647	0.0161925601751	0.0192755339568	0.0241212956582	0.0166400887471	0.0295935432269	0.015222788449	0.0208733596014	0.00782287822878	0.0122894856623	0.0171584203359	0.0143188464253	0.0115787940577	0.0168464063233	0.0246591820369	0.0149487015069	0.0227272727273	0.0200814901048	0.0176560342948	0.0213983050847	0.00992092020129	0.0305719921105	0.022166607079	0.0224499755979
k__Bacteria;p__Actinobacteria;c__Actinobacteria;o__Actinomycetales;f__Nocardiaceae;g__Nocardia	0.00183815082027	0.000182465103549	0.00156298843389	0.00163351982685	0.00206753962784	0.00187200998405	0.00094524830946	0.000914673984059	0.00113973102348	0.00129889298893	0.000531027158246	0.00205779996974	0.00231924977312	0.00364113020682	0.00234443030344	0.00133654103181	0.0027252324463	0.0020202020202	0.0034924330617	0.0014531715469	0.00233050847458	0.000718907260963	0.00230111768573	0.00178762960315	0.00146412884334
k__Bacteria;p__Actinobacteria;c__Actinobacteria;o__Actinomycetales;f__Nocardioidaceae;g__	0.0120398878728	0.00647751117599	0.0113785557987	0.00816759913423	0.0165403170227	0.00714137142065	0.012288228023	0.0106494185287	0.0127975512065	0.00714391143911	0.00751024123805	0.0104100469057	0.0096803468791	0.008010486455	0.00847344095385	0.00755145682972	0.017393395319	0.00782828282828	0.0168800931315	0.0106808108697	0.00953389830508	0.00833932422717	0.0164365548981	0.0189488737934	0.0112249877989
k__Bacteria;p__Actinobacteria;c__Actinobacteria;o__Actinomycetales;f__Nocardioidaceae;g__Aeromicrobium	0.00326271770599	0.00145972082839	0.00275085964364	0.00257279372728	0.00275671950379	0.00201067739028	0.0025448992947	0.00241735267215	0.00351688430102	0.0010332103321	0.00182066454256	0.00372219700409	0.00373096702632	0.00211185551995	0.00301426753299	0.00247260090885	0.00364700224431	0.00353535353535	0.00436554132712	0.0029063430938	0.00360169491525	0.00129403306973	0.0042735042735	0.0025026814444	0.00488042947779
k__Bacteria;p__Actinobacteria;c__Actinobacteria;o__Actinomycetales;f__Nocardioidaceae;g__Kribbella	0.0119479803318	0.00474409269227	0.00956548921538	0.0101686609221	0.0151619572708	0.00700270401442	0.00850723478514	0.0106494185287	0.01338369859	0.00534317343173	0.00773782430587	0.00801936752913	0.0149238681053	0.00815613166327	0.0115212003483	0.0152365677626	0.0114219301058	0.014898989899	0.0139697322468	0.0146770326237	0.0122881355932	0.00805176132279	0.0147928994083	0.0182338219521	0.0168374816984
k__Bacteria;p__Actinobacteria;c__Actinobacteria;o__Actinomycetales;f__Nocardioidaceae;g__Pimelobacter	0.00211387344332	0.000547395310647	0.00193810565802	0.00159268183118	0.0013783597519	0.00138667406226	0.00225405366102	0.00202534953613	0.00250740825165	0.00109225092251	0.000758610226066	0.00199727644122	0.00171422809317	0.00152927468686	0.0019425279657	0.00100240577386	0.00344661750561	0.00151515151515	0.00291036088475	0.00159848870159	0.0021186440678	0.00122214234364	0.00131492439185	0.00107257776189	0.00146412884334
k__Bacteria;p__Actinobacteria;c__Actinobacteria;o__Actinomycetales;f__Promicromonosporaceae;g__Cellulosimicrobium	0.000275722623041	0.000729860414196	0.000250078149422	0.000735083922081	0.000344589937974	6.93337031131e-05	0.00021813422526	0.000130667712008	0.0	0.0	7.58610226066e-05	9.07852927826e-05	0.000100836946657	0.000218467812409	0.00043539419921	0.000334135257952	0.0	0.0	0.0	7.26585773451e-05	0.00021186440678	0.000143781452193	0.000657462195924	0.000357525920629	0.00024402147389
k__Bacteria;p__Actinobacteria;c__Actinobacteria;o__Actinomycetales;f__Promicromonosporaceae;g__Promicromonospora	0.00418179311613	0.000456162758872	0.00218818380744	0.00416547555846	0.00206753962784	0.000485335921792	0.00676216098306	0.000392003136025	0.00175844215051	0.00156457564576	0.0034896070399	0.00366167347556	0.000907532519915	0.00196621031168	0.0034496617322	0.00220529270249	0.00436838730362	0.00227272727273	0.00320139697322	0.00239773305239	0.00423728813559	0.000215672178289	0.00197238658777	0.00429031104755	0.0024402147389
k__Bacteria;p__Actinobacteria;c__Actinobacteria;o__Actinomycetales;f__Propionibacteriaceae;g__Microlunatus	0.000367630164055	0.000273697655323	0.000875273522976	0.000612569935068	0.0	0.000832004437357	0.0003635570421	0.000653338560042	0.000390764922335	8.85608856089e-05	7.58610226066e-05	0.00036314117113	0.000504184733286	0.000364113020682	0.00043539419921	0.000334135257952	0.000440846425136	0.000252525252525	0.00058207217695	0.00043595146407	0.000423728813559	0.000215672178289	0.000328731097962	0.000357525920629	0.00024402147389
k__Bacteria;p__Actinobacteria;c__Actinobacteria;o__Actinomycetales;f__Pseudonocardiaceae;Other	0.00353844032903	0.000912325517745	0.00312597686777	0.00539061542859	0.00310130944176	0.00173334257783	0.00305387915364	0.00215601724814	0.0036145755316	0.000560885608856	0.013882567137	0.0175518232713	0.000806695573258	0.00182056510341	0.00180856051979	0.00454423950815	0.00352677140109	0.010101010101	0.00320139697322	0.00152583012425	0.00402542372881	0.00833932422717	0.00394477317554	0.00429031104755	0.00366032210835
k__Bacteria;p__Actinobacteria;c__Actinobacteria;o__Actinomycetales;f__Pseudonocardiaceae;g__Amycolatopsis	0.0108910436101	0.0046528601405	0.00919037199125	0.0121288847143	0.0124052377671	0.00790404215489	0.00879808041882	0.00659871945642	0.0103552704419	0.0050184501845	0.00751024123805	0.0184596761991	0.00695774931935	0.00699096999709	0.0150378458035	0.0139000267308	0.0188762423854	0.0123737373737	0.00669383003492	0.0164934970573	0.0110169491525	0.0112868439971	0.0128205128205	0.0196639256346	0.0117130307467
k__Bacteria;p__Actinobacteria;c__Actinobacteria;o__Actinomycetales;f__Pseudonocardiaceae;g__Jiangella	4.59537705069e-05	0.0	0.000250078149422	4.08379956712e-05	0.000344589937974	0.000138667406226	7.271140842e-05	6.53338560042e-05	0.000227946204696	2.9520295203e-05	7.58610226066e-05	9.07852927826e-05	0.000100836946657	0.0	0.000870788398419	6.68270515905e-05	4.00769477397e-05	0.0	0.0	7.26585773451e-05	0.0	0.000287562904385	0.0	0.000357525920629	0.0
k__Bacteria;p__Actinobacteria;c__Actinobacteria;o__Actinomycetales;f__Streptomycetaceae;g__	0.00482514590322	0.00218958124259	0.00437636761488	0.00147016784416	0.00413507925569	0.00201067739028	0.00152693957682	0.0015026786881	0.00175844215051	0.00333579335793	0.0011379153391	0.00163413527009	0.00231924977312	0.00429653364404	0.00174157679684	0.00327452552793	0.00344661750561	0.00252525252525	0.00261932479627	0.00203444016566	0.00296610169492	0.00179726815241	0.00164365548981	0.0025026814444	0.00170815031723
k__Bacteria;p__Actinobacteria;c__Actinobacteria;o__Actinomycetales;f__Streptomycetaceae;g__Streptomyces	0.0978815311796	0.0551044612718	0.130228196311	0.0714256544289	0.126809097174	0.0623309990987	0.0461717443467	0.0759179406769	0.0787716955941	0.078405904059	0.0498406918525	0.0680587078227	0.0740143188464	0.147975531605	0.0838971130015	0.0776530339481	0.148004168003	0.0873737373737	0.0989522700815	0.0770907505631	0.0951271186441	0.0598849748382	0.0874424720579	0.0940293171255	0.0858955588092
k__Bacteria;p__Actinobacteria;c__Actinobacteria;o__Actinomycetales;f__Streptosporangiaceae;g__	0.000873121639631	0.000273697655323	0.000500156298843	0.000980111896108	0.000344589937974	0.000485335921792	0.00050897985894	0.000261335424017	0.000390764922335	8.85608856089e-05	0.00022758306782	0.000302617642609	0.00110920641323	0.000364113020682	0.000971263982852	0.000400962309543	0.000881692850273	0.000757575757576	0.00058207217695	0.000653927196106	0.000423728813559	0.000359453630482	0.000328731097962	0.000357525920629	0.000488042947779
k__Bacteria;p__Actinobacteria;c__Actinobacteria;o__Actinomycetales;f__Streptosporangiaceae;g__Herbidospora	4.59537705069e-05	0.0	0.000187558612066	0.000163351982685	0.0	0.0	0.00189049661892	6.53338560042e-05	0.000130254974112	0.0	7.58610226066e-05	6.05235285217e-05	0.000201673893315	7.28226041363e-05	0.000368410476254	6.68270515905e-05	0.000120230843219	0.000252525252525	0.00058207217695	0.0	0.0	0.000431344356578	0.000986193293886	0.0	0.00024402147389
k__Bacteria;p__Actinobacteria;c__Actinobacteria;o__Actinomycetales;f__Streptosporangiaceae;g__Nonomuraea	0.000597399016589	0.000182465103549	0.000187558612066	0.000285865969698	0.000689179875948	0.000208001109339	0.00014542281684	0.000196001568013	0.000553583639975	0.0	0.000151722045213	6.05235285217e-05	0.000605021679944	0.000145645208273	0.000669837229553	0.00126971398022	0.000160307790959	0.000252525252525	0.0	0.00043595146407	0.00021186440678	0.000215672178289	0.000657462195924	0.000715051841258	0.00024402147389
k__Bacteria;p__Actinobacteria;c__Actinobacteria;o__Actinomycetales;f__Thermomonosporaceae;Other	0.0178760167272	0.0102180457987	0.0125664270084	0.00947441499571	0.0124052377671	0.0109547250919	0.00865265760198	0.0128707696328	0.0109739815689	0.00451660516605	0.0139584281596	0.0101376910274	0.0139154986387	0.0098310515584	0.0110188224262	0.0104250200481	0.01170246874	0.0108585858586	0.0160069848661	0.0150403255104	0.0161016949153	0.0114306254493	0.0164365548981	0.0150160886664	0.0134211810639
k__Bacteria;p__Actinobacteria;c__Actinobacteria;o__Actinomycetales;f__Thermomonosporaceae;g__Actinocorallia	0.00487109967373	0.00127725572484	0.00368865270397	0.00563564340262	0.00620261888353	0.00187200998405	0.00530793281466	0.00431203449628	0.00452636035039	0.00333579335793	0.00136549840692	0.00426690876078	0.00312594534637	0.00298572676959	0.00726773394065	0.0084202085004	0.00268515549856	0.00656565656566	0.00523864959255	0.00508610041415	0.00614406779661	0.00294751976995	0.00723208415516	0.00822309617447	0.00366032210835
k__Bacteria;p__Actinobacteria;c__Actinobacteria;o__Actinomycetales;f__Thermomonosporaceae;g__Actinomadura	0.000413583934562	9.12325517745e-05	0.000437636761488	0.00669743129007	0.00103376981392	0.000208001109339	0.00021813422526	0.000914673984059	0.00100947604937	0.000354243542435	0.000151722045213	0.000574973520956	0.000201673893315	0.00138362947859	0.000468886060687	0.000467789361133	0.000480923372876	0.00126262626263	0.00523864959255	0.000653927196106	0.00021186440678	0.00122214234364	0.000328731097962	0.00143010368252	0.000732064421669
k__Bacteria;p__Actinobacteria;c__MB-A2-108;o__0319-7L14;f__;g__	0.00284913377143	0.00145972082839	0.00800250078149	0.00289949769265	0.00172294968987	0.00457602440546	0.0054533556315	0.00594538089638	0.00446123286333	0.00330627306273	0.00265513579123	0.00269329701922	0.00433598870626	0.00342266239441	0.00304775939447	0.00180433039294	0.00336646361013	0.00378787878788	0.0034924330617	0.00559471045557	0.00233050847458	0.00230050323508	0.00657462195924	0.00321773328566	0.00439238653001
k__Bacteria;p__Actinobacteria;c__Rubrobacteria;o__Rubrobacterales;f__Rubrobacteraceae;g__	0.000137861311521	9.12325517745e-05	0.000187558612066	0.000204189978356	0.0	0.0	0.0003635570421	0.000718672416046	0.00016281871764	0.000118081180812	7.58610226066e-05	0.000151308821304	0.000201673893315	0.000291290416545	0.000234443030344	6.68270515905e-05	0.000160307790959	0.0	0.000291036088475	0.00029063430938	0.0	0.0	0.0	0.000357525920629	0.0
k__Bacteria;p__Actinobacteria;c__Thermoleophilia;o__Gaiellales;f__;g__	0.000413583934562	0.0	0.000187558612066	0.000367541961041	0.000344589937974	0.000208001109339	0.00029084563368	0.000457336992029	0.000293073691752	0.000354243542435	0.000606888180853	0.000242094114087	0.000100836946657	0.000436935624818	0.000301426753299	0.000200481154771	0.000240461686438	0.000252525252525	0.0	0.000217975732035	0.00021186440678	0.000215672178289	0.0	0.0	0.0
k__Bacteria;p__Actinobacteria;c__Thermoleophilia;o__Gaiellales;f__Gaiellaceae;g__	0.00500896098525	0.00182465103549	0.0057517974367	0.00416547555846	0.00413507925569	0.00367468626499	0.0069075837999	0.00548804390435	0.00511250773389	0.00236162361624	0.0034896070399	0.00338931759722	0.00363013007966	0.003204194582	0.0034496617322	0.00273990911521	0.00388746393075	0.00378787878788	0.0034924330617	0.0037055874446	0.0021186440678	0.00273184759166	0.00460223537147	0.00357525920629	0.0024402147389
k__Bacteria;p__Actinobacteria;c__Thermoleophilia;o__Solirubrobacterales;f__;g__	0.00280318000092	0.00127725572484	0.00306345733042	0.00326703965369	0.00275671950379	0.00221867849962	0.00370828182942	0.00431203449628	0.00371226676219	0.00147601476015	0.0022758306782	0.00199727644122	0.00221841282646	0.00182056510341	0.00257887333378	0.00180433039294	0.002925617185	0.00227272727273	0.000873108265425	0.00334229455787	0.00275423728814	0.00172537742631	0.00262984878369	0.00214515552378	0.00268423621279
k__Bacteria;p__Actinobacteria;c__Thermoleophilia;o__Solirubrobacterales;f__Solirubrobacteraceae;Other	0.00569826754285	0.00136848827662	0.00425132854017	0.00412463756279	0.00172294968987	0.00395202107745	0.00603504689886	0.0046387037763	0.00436354163275	0.0020073800738	0.00364132908512	0.00405507641095	0.00342845618635	0.00225750072823	0.00341616987072	0.00327452552793	0.00392754087849	0.0020202020202	0.00145518044237	0.00406888033132	0.00317796610169	0.00222861250899	0.00525969756739	0.00572041473007	0.00268423621279
k__Bacteria;p__Actinobacteria;c__Thermoleophilia;o__Solirubrobacterales;f__Solirubrobacteraceae;g__	0.00156242819723	0.000638627862421	0.00143794935917	0.00142932984849	0.000344589937974	0.00117867295292	0.00210863084418	0.00202534953613	0.0014002409717	0.000590405904059	0.00106205431649	0.000938114692087	0.000806695573258	0.00138362947859	0.00113872329024	0.000868751670676	0.00144277011863	0.000505050505051	0.00145518044237	0.0022524158977	0.000635593220339	0.00079079798706	0.00131492439185	0.00143010368252	0.00122010736945
k__Bacteria;p__Armatimonadetes;c__[Fimbriimonadia];o__[Fimbriimonadales];f__[Fimbriimonadaceae];g__Fimbriimonas	0.000367630164055	0.000638627862421	0.000312597686777	0.000163351982685	0.000689179875948	0.000554669624905	0.00029084563368	0.000326669280021	0.000130254974112	0.000177121771218	7.58610226066e-05	0.000332879406869	0.000605021679944	0.000364113020682	0.000468886060687	0.000200481154771	0.000320615581917	0.000505050505051	0.000291036088475	0.000508610041415	0.000635593220339	0.00107836089145	0.000328731097962	0.0	0.000732064421669
k__Bacteria;p__Bacteroidetes;c__Cytophagia;o__Cytophagales;f__Cytophagaceae;g__	0.0184734157438	0.0212571845635	0.0183182244451	0.0140891085066	0.00689179875948	0.0160854191222	0.0182505635134	0.0177708088331	0.0100296330066	0.0387306273063	0.0197238658777	0.0195793614768	0.0169406070384	0.0188610544713	0.011286757318	0.0111601176156	0.0156700865662	0.0113636363636	0.00844004656577	0.0189638886871	0.00720338983051	0.0213515456506	0.00591715976331	0.00786557025384	0.0129331381162
k__Bacteria;p__Bacteroidetes;c__Flavobacteriia;o__Flavobacteriales;f__Cryomorphaceae;g__	0.000229768852534	0.000273697655323	6.25195373554e-05	0.000163351982685	0.0	0.000138667406226	0.0003635570421	0.0	6.51274870559e-05	0.000265682656827	0.00022758306782	0.00036314117113	0.000302510839972	0.000218467812409	0.000100475584433	0.000200481154771	0.000320615581917	0.0	0.000291036088475	0.000508610041415	0.00021186440678	0.000503235082674	0.0	0.0	0.00024402147389
k__Bacteria;p__Bacteroidetes;c__Flavobacteriia;o__Flavobacteriales;f__Cryomorphaceae;g__Crocinitomix	0.000137861311521	0.000273697655323	0.000125039074711	4.08379956712e-05	0.0	6.93337031131e-05	7.271140842e-05	6.53338560042e-05	9.76912305839e-05	0.000649446494465	0.000151722045213	9.07852927826e-05	0.000302510839972	7.28226041363e-05	3.34918614777e-05	0.0	0.0	0.0	0.0	0.0	0.00021186440678	0.000215672178289	0.000328731097962	0.0	0.0
k__Bacteria;p__Bacteroidetes;c__Flavobacteriia;o__Flavobacteriales;f__Flavobacteriaceae;g__Flavobacterium	0.000183815082027	0.000364930207098	0.000312597686777	0.00392044758443	0.0	0.000346668515565	0.00029084563368	0.000653338560042	0.000260509948224	0.000383763837638	0.000910332271279	0.000726282342261	0.000302510839972	0.000509758228954	0.00056936164512	0.000200481154771	0.000160307790959	0.0	0.0	0.000799244350796	0.000423728813559	0.000287562904385	0.0	0.00107257776189	0.000488042947779
k__Bacteria;p__Bacteroidetes;c__Sphingobacteriia;o__Sphingobacteriales;f__;g__	0.000321676393548	0.00319313931211	0.000875273522976	0.000490055948054	0.0	0.000277334812452	0.00021813422526	0.00104534169607	0.000195382461168	0.000856088560886	0.000986193293886	0.000453926463913	0.000705858626601	0.000509758228954	0.000133967445911	0.000334135257952	0.000120230843219	0.0	0.0	0.00101722008283	0.0	0.00273184759166	0.000328731097962	0.000715051841258	0.0
k__Bacteria;p__Bacteroidetes;c__[Saprospirae];o__[Saprospirales];f__Chitinophagaceae;Other	0.000413583934562	0.000729860414196	0.000500156298843	0.000204189978356	0.000689179875948	0.00166400887471	0.00116338253472	0.000588004704038	0.00016281871764	0.000531365313653	0.000379305113033	0.000272355878348	0.000504184733286	0.000509758228954	0.00043539419921	0.000801924619086	0.000120230843219	0.00126262626263	0.00058207217695	0.00043595146407	0.0	0.00115025161754	0.0	0.000715051841258	0.00122010736945
k__Bacteria;p__Bacteroidetes;c__[Saprospirae];o__[Saprospirales];f__Chitinophagaceae;g__	0.000413583934562	0.000547395310647	0.000437636761488	0.000204189978356	0.000344589937974	0.000762670734244	0.00065440267578	0.000457336992029	0.000195382461168	0.000738007380074	0.000379305113033	0.000332879406869	0.000201673893315	0.000436935624818	0.000100475584433	0.000668270515905	0.000440846425136	0.0010101010101	0.0	0.00043595146407	0.00021186440678	0.00115025161754	0.000657462195924	0.000357525920629	0.000488042947779
k__Bacteria;p__Bacteroidetes;c__[Saprospirae];o__[Saprospirales];f__Chitinophagaceae;g__Flavisolibacter	0.00073526032811	0.00255451144969	0.00106283213504	0.000285865969698	0.000344589937974	0.00138667406226	0.0007271140842	0.000718672416046	0.000293073691752	0.00165313653137	0.000151722045213	0.000423664699652	0.000907532519915	0.000946693853772	0.000703329091031	0.000534616412724	0.00120230843219	0.00126262626263	0.0011641443539	0.000508610041415	0.00021186440678	0.00158159597412	0.0	0.00107257776189	0.00122010736945
k__Bacteria;p__Bacteroidetes;c__[Saprospirae];o__[Saprospirales];f__Chitinophagaceae;g__Lacibacter	0.0	0.000182465103549	0.000312597686777	0.000204189978356	0.000344589937974	0.000624003328018	0.00029084563368	0.000261335424017	6.51274870559e-05	0.000472324723247	7.58610226066e-05	0.000121047057043	0.000100836946657	0.000218467812409	0.000133967445911	0.000334135257952	0.000360692529657	0.0	0.0	0.00014531715469	0.0	0.000215672178289	0.0	0.0	0.00024402147389
k__Bacteria;p__Bacteroidetes;c__[Saprospirae];o__[Saprospirales];f__Chitinophagaceae;g__Niastella	0.0288589678783	0.114314387373	0.048202563301	0.0189896679871	0.0227429359063	0.06191499688	0.0219588453428	0.0327322618581	0.0135465173076	0.100841328413	0.0339098771051	0.0214555908609	0.0249067258243	0.0561462277891	0.0278987206109	0.0455092221331	0.0381933311959	0.0414141414141	0.0218277066356	0.0347307999709	0.0184322033898	0.102516175413	0.0266272189349	0.0182338219521	0.0370912640312
k__Bacteria;p__Bacteroidetes;c__[Saprospirae];o__[Saprospirales];f__Chitinophagaceae;g__Parasegitibacter	0.000781214098617	0.000456162758872	0.000812753985621	0.000449217952383	0.000344589937974	0.000970671843583	0.00043626845052	0.000261335424017	0.000227946204696	0.00118081180812	0.00045516613564	0.000332879406869	0.000907532519915	0.00101951645791	0.000234443030344	0.000735097567495	0.000521000320616	0.000252525252525	0.000291036088475	0.000944561505486	0.000423728813559	0.0018691588785	0.000657462195924	0.0	0.00024402147389
k__Bacteria;p__Bacteroidetes;c__[Saprospirae];o__[Saprospirales];f__Chitinophagaceae;g__Terrimonas	0.00624971278893	0.00793723200438	0.00762738355736	0.0024094417446	0.00413507925569	0.011648062123	0.00748927506726	0.00588004704038	0.00208407958579	0.00988929889299	0.00394477317554	0.00296565289756	0.0042351517596	0.00728226041363	0.00465536874539	0.00728414862336	0.0075745431228	0.00555555555556	0.0023282887078	0.00653927196106	0.00169491525424	0.0120776419842	0.00493096646943	0.00143010368252	0.00561249389946
k__Bacteria;p__Chlamydiae;c__Chlamydiia;o__Chlamydiales;f__Parachlamydiaceae;g__Candidatus Protochlamydia	0.000229768852534	9.12325517745e-05	0.000187558612066	0.000122513987014	0.0	0.000277334812452	0.00029084563368	0.000261335424017	9.76912305839e-05	2.9520295203e-05	7.58610226066e-05	0.000181570585565	0.000100836946657	0.0	0.000100475584433	0.000133654103181	0.000200384738698	0.0	0.0	0.0	0.0	0.000143781452193	0.0	0.0	0.00024402147389
k__Bacteria;p__Cyanobacteria;c__Chloroplast;o__Streptophyta;f__;g__	0.0828546482239	0.217954566189	0.0963426070647	0.0949483399355	0.0441075120606	0.283574845733	0.232167527085	0.158238599242	0.128073203295	0.326140221402	0.176756182673	0.0750491753669	0.148028637693	0.0997669676668	0.116250251189	0.220261962042	0.0840814363578	0.0474747474747	0.0389988358556	0.133619123738	0.0432203389831	0.198993529835	0.043392504931	0.0439756882374	0.0510004880429
k__Bacteria;p__Fibrobacteres;c__Fibrobacteria;o__258ds10;f__;g__	0.00110289049216	0.000729860414196	0.000437636761488	0.000530893943725	0.000344589937974	0.000485335921792	0.00029084563368	0.000392003136025	0.00032563743528	0.000206642066421	0.000834471248672	0.000877591163565	0.000806695573258	0.00167491989514	0.000401902337732	0.000668270515905	0.000641231163835	0.000505050505051	0.000291036088475	0.000653927196106	0.000423728813559	0.00100647016535	0.000328731097962	0.0	0.00024402147389
k__Bacteria;p__Firmicutes;c__Bacilli;o__Bacillales;f__Bacillaceae;g__Bacillus	0.010063875741	0.00100355806952	0.0148171303532	0.00980111896108	0.00344589937974	0.00658670179574	0.0210135970334	0.0193388213772	0.00530789019506	0.00575645756458	0.00705507510241	0.00532607050991	0.00726026015932	0.0204631517623	0.00833947350794	0.00661587810746	0.00565084963129	0.00580808080808	0.00523864959255	0.00653927196106	0.00423728813559	0.00143781452193	0.00657462195924	0.00286020736503	0.00390434358224
k__Bacteria;p__Firmicutes;c__Bacilli;o__Bacillales;f__Paenibacillaceae;g__Cohnella	0.000321676393548	0.000182465103549	0.000187558612066	0.000122513987014	0.0	0.000138667406226	7.271140842e-05	0.000196001568013	0.000260509948224	0.000324723247232	7.58610226066e-05	0.000242094114087	0.000201673893315	0.000218467812409	3.34918614777e-05	0.0	0.000280538634178	0.0	0.00058207217695	0.00029063430938	0.0	0.000287562904385	0.000328731097962	0.00107257776189	0.000488042947779
k__Bacteria;p__Firmicutes;c__Bacilli;o__Bacillales;f__Paenibacillaceae;g__Paenibacillus	0.00358439409954	0.00136848827662	0.00731478587058	0.00575815738964	0.000689179875948	0.00166400887471	0.00370828182942	0.00235201881615	0.00234458953401	0.0029520295203	0.00128963738431	0.00366167347556	0.00766360794595	0.00211185551995	0.00395203965436	0.00113605987704	0.0019236934915	0.0020202020202	0.00203725261932	0.00305166024849	0.00148305084746	0.00309130122214	0.00230111768573	0.00178762960315	0.00170815031723
k__Bacteria;p__Firmicutes;c__Bacilli;o__Bacillales;f__Planococcaceae;g__Paenisporosarcina	0.000229768852534	0.0	0.000187558612066	8.16759913423e-05	0.0	6.93337031131e-05	7.271140842e-05	0.000130667712008	9.76912305839e-05	0.000590405904059	0.0	6.05235285217e-05	0.0	0.000364113020682	0.000133967445911	0.0	0.000200384738698	0.0	0.0	0.0	0.0	0.000143781452193	0.0	0.0	0.00024402147389
k__Bacteria;p__Firmicutes;c__Bacilli;o__Bacillales;f__Thermoactinomycetaceae;g__Planifilum	0.000229768852534	0.0	0.000250078149422	0.000122513987014	0.000344589937974	0.000346668515565	0.0	0.000261335424017	9.76912305839e-05	8.85608856089e-05	0.0	0.000121047057043	0.000100836946657	7.28226041363e-05	3.34918614777e-05	6.68270515905e-05	0.000240461686438	0.0	0.0	0.00014531715469	0.000423728813559	0.0	0.000328731097962	0.0	0.0
k__Bacteria;p__Firmicutes;c__Bacilli;o__Bacillales;f__[Exiguobacteraceae];g__Exiguobacterium	0.000183815082027	9.12325517745e-05	0.000125039074711	0.000245027974027	0.0	0.000138667406226	0.00050897985894	0.0	0.000227946204696	2.9520295203e-05	0.000151722045213	0.000211832349826	0.000201673893315	0.0	6.69837229553e-05	0.000133654103181	8.01538954793e-05	0.000252525252525	0.000291036088475	0.00014531715469	0.000423728813559	0.0	0.000328731097962	0.00107257776189	0.000732064421669
k__Bacteria;p__Firmicutes;c__Bacilli;o__Turicibacterales;f__Turicibacteraceae;g__Turicibacter	4.59537705069e-05	0.0	0.000312597686777	0.0	0.0	6.93337031131e-05	0.00014542281684	0.000326669280021	0.00016281871764	0.0	7.58610226066e-05	9.07852927826e-05	0.0	0.0	0.000870788398419	0.0	0.0	0.000505050505051	0.000291036088475	0.0	0.0	0.0	0.0	0.000357525920629	0.0
k__Bacteria;p__Firmicutes;c__Clostridia;o__Clostridiales;f__Clostridiaceae;g__Clostridium	0.0	0.0	0.000125039074711	0.0	0.0	0.0	7.271140842e-05	0.0	3.2563743528e-05	0.0	0.0	3.02617642609e-05	0.000100836946657	0.0	0.00130618259763	0.0	4.00769477397e-05	0.0	0.0	7.26585773451e-05	0.0	0.0	0.0	0.0	0.0
k__Bacteria;p__Firmicutes;c__Clostridia;o__Clostridiales;f__Peptostreptococcaceae;g__	0.0	0.0	0.000125039074711	4.08379956712e-05	0.000344589937974	6.93337031131e-05	0.0	0.000130667712008	0.00016281871764	2.9520295203e-05	0.0	6.05235285217e-05	0.0	0.0	0.00174157679684	0.0	0.0	0.0	0.0	0.00014531715469	0.00021186440678	0.000143781452193	0.0	0.0	0.0
k__Bacteria;p__GN02;c__BD1-5;o__;f__;g__	0.00156242819723	0.00437916248517	0.00150046889653	0.0018377098052	0.0013783597519	0.00117867295292	0.00167236239366	0.00202534953613	0.00293073691752	0.00245018450185	0.000606888180853	0.00220910879104	0.00151255419986	0.00429653364404	0.00157411748945	0.00133654103181	0.00140269317089	0.000505050505051	0.000291036088475	0.00297900167115	0.0010593220339	0.00136592379583	0.000986193293886	0.000715051841258	0.000732064421669
k__Bacteria;p__Gemmatimonadetes;c__Gemm-1;o__;f__;g__	0.00220578098433	0.000638627862421	0.00156298843389	0.00245027974027	0.00172294968987	0.00256534701518	0.0014542281684	0.00202534953613	0.00234458953401	0.00112177121771	0.00106205431649	0.00169465879861	0.00191590198649	0.00101951645791	0.00204300355014	0.00160384923817	0.00180346264828	0.00126262626263	0.000873108265425	0.00174380585628	0.00127118644068	0.00129403306973	0.00295857988166	0.000715051841258	0.00219619326501
k__Bacteria;p__Gemmatimonadetes;c__Gemmatimonadetes;o__;f__;g__	0.000551445246082	0.0	0.000437636761488	0.000449217952383	0.000344589937974	0.000416002218678	0.00021813422526	0.000326669280021	0.000358201178808	0.000236162361624	0.000379305113033	0.000302617642609	0.000302510839972	0.000582580833091	0.000368410476254	0.000334135257952	0.000601154216095	0.000252525252525	0.0	0.00029063430938	0.000635593220339	0.000215672178289	0.0	0.000357525920629	0.00024402147389
k__Bacteria;p__Gemmatimonadetes;c__Gemmatimonadetes;o__Gemmatimonadales;f__Ellin5301;g__	0.000275722623041	0.0	0.0	0.000285865969698	0.0	0.000208001109339	0.0	0.000326669280021	0.000195382461168	5.90405904059e-05	0.0	9.07852927826e-05	0.000100836946657	0.000218467812409	0.000133967445911	6.68270515905e-05	0.000160307790959	0.0	0.0	0.00014531715469	0.0	7.18907260963e-05	0.0	0.0	0.00024402147389
k__Bacteria;p__Nitrospirae;c__Nitrospira;o__Nitrospirales;f__Nitrospiraceae;g__Nitrospira	0.00124075180369	0.000456162758872	0.0016880275086	0.00114346387879	0.00103376981392	0.000970671843583	0.00116338253472	0.00222135110414	0.000781529844671	0.000354243542435	0.000758610226066	0.000786805870782	0.00151255419986	0.000873871249636	0.000602853506598	0.00106923282545	0.00128246232767	0.000252525252525	0.000873108265425	0.00108987866018	0.000635593220339	0.000359453630482	0.000986193293886	0.000357525920629	0.000732064421669
k__Bacteria;p__OD1;c__Mb-NB09;o__;f__;g__	9.19075410137e-05	0.0	0.000187558612066	0.000122513987014	0.000344589937974	0.000346668515565	0.00058169126736	0.0	0.000195382461168	0.000324723247232	7.58610226066e-05	0.000181570585565	0.000201673893315	0.000218467812409	0.000133967445911	0.000200481154771	4.00769477397e-05	0.0	0.0	7.26585773451e-05	0.0	0.000143781452193	0.0	0.0	0.0
k__Bacteria;p__Planctomycetes;c__;o__;f__;g__	0.000827167869124	0.000456162758872	0.00131291028446	0.000980111896108	0.000689179875948	0.000416002218678	0.0007271140842	0.000196001568013	0.00032563743528	0.000590405904059	0.000303444090426	0.000605235285217	0.00110920641323	0.000655403437227	0.000937772121375	0.000534616412724	0.000841615902533	0.000757575757576	0.000873108265425	0.000653927196106	0.000423728813559	0.000575125808771	0.000328731097962	0.000715051841258	0.000488042947779
k__Bacteria;p__Planctomycetes;c__C6;o__d113;f__;g__	0.00105693672166	0.000456162758872	0.00106283213504	0.000775921917752	0.000344589937974	0.0015946751716	0.00116338253472	0.00111067555207	0.000944348562311	0.00177121771218	0.00136549840692	0.000877591163565	0.0014117172532	0.00109233906204	0.000904280259897	0.000735097567495	0.000961846745752	0.00151515151515	0.00174621653085	0.00123519581487	0.00148305084746	0.00143781452193	0.00131492439185	0.000715051841258	0.00122010736945
k__Bacteria;p__Planctomycetes;c__OM190;o__CL500-15;f__;g__	0.000643352787096	0.000456162758872	0.000437636761488	0.000326703965369	0.0	0.000346668515565	0.00043626845052	0.000588004704038	0.00016281871764	0.000265682656827	0.000379305113033	0.000393402935391	0.000705858626601	0.000436935624818	0.000803804675464	0.000267308206362	0.000160307790959	0.000505050505051	0.000291036088475	0.00029063430938	0.0	0.000431344356578	0.000328731097962	0.0	0.0
k__Bacteria;p__Planctomycetes;c__Phycisphaerae;o__Phycisphaerales;f__;g__	0.00151647442673	0.000456162758872	0.00181306658331	0.00114346387879	0.000689179875948	0.00090133814047	0.00101795971788	0.00176401411211	0.000586147383503	0.000590405904059	0.000834471248672	0.00229989408383	0.00262176061309	0.00182056510341	0.00110523142876	0.000334135257952	0.00128246232767	0.000505050505051	0.0011641443539	0.00210709874301	0.00127118644068	0.00215672178289	0.00197238658777	0.0	0.00146412884334
k__Bacteria;p__Planctomycetes;c__Pla4;o__;f__;g__	9.19075410137e-05	0.0	0.000125039074711	0.000122513987014	0.000344589937974	6.93337031131e-05	0.00029084563368	0.000196001568013	3.2563743528e-05	5.90405904059e-05	0.000151722045213	0.000121047057043	0.000100836946657	0.000218467812409	0.000100475584433	0.0	0.000200384738698	0.0	0.000291036088475	0.00014531715469	0.0	0.000287562904385	0.0	0.0	0.0
k__Bacteria;p__Planctomycetes;c__Planctomycetia;o__Gemmatales;f__Gemmataceae;g__Gemmata	0.000367630164055	0.000638627862421	0.000312597686777	0.000122513987014	0.000344589937974	0.000416002218678	0.0014542281684	0.000196001568013	0.000358201178808	0.000118081180812	0.00022758306782	0.000181570585565	0.000504184733286	0.000218467812409	0.000267934891821	6.68270515905e-05	0.000400769477397	0.000252525252525	0.000291036088475	0.00029063430938	0.0	0.000215672178289	0.0	0.000357525920629	0.0
k__Bacteria;p__Planctomycetes;c__Planctomycetia;o__Gemmatales;f__Isosphaeraceae;g__	0.000275722623041	9.12325517745e-05	0.000125039074711	0.0	0.000689179875948	0.000346668515565	0.00029084563368	0.000261335424017	0.000260509948224	0.000147601476015	0.00045516613564	0.000151308821304	0.000100836946657	0.000364113020682	3.34918614777e-05	0.0	0.000120230843219	0.0	0.0	0.00014531715469	0.00021186440678	7.18907260963e-05	0.0	0.0	0.0
k__Bacteria;p__Planctomycetes;c__Planctomycetia;o__Pirellulales;f__Pirellulaceae;g__	0.000873121639631	0.000364930207098	0.000437636761488	0.00106178788745	0.0	0.000762670734244	0.00065440267578	0.000849340128054	0.000651274870559	0.000856088560886	0.00106205431649	0.000484188228174	0.000605021679944	0.000218467812409	0.00103824770581	0.000334135257952	0.000561077268355	0.000252525252525	0.000291036088475	0.000871902928141	0.000847457627119	0.00136592379583	0.000328731097962	0.0	0.000488042947779
k__Bacteria;p__Proteobacteria;c__;o__;f__;g__	0.000229768852534	0.000182465103549	6.25195373554e-05	0.000408379956712	0.0	0.000277334812452	7.271140842e-05	0.000261335424017	0.00032563743528	0.000118081180812	0.00022758306782	0.000907852927826	0.000100836946657	0.000364113020682	0.000167459307388	0.0	0.000200384738698	0.000252525252525	0.000291036088475	0.00217975732035	0.000423728813559	7.18907260963e-05	0.000328731097962	0.0	0.000488042947779
k__Bacteria;p__Proteobacteria;c__Alphaproteobacteria;o__Caulobacterales;f__Caulobacteraceae;g__	0.000505491475576	0.000912325517745	0.000500156298843	0.000490055948054	0.000344589937974	0.000208001109339	0.0003635570421	0.000718672416046	0.000716402357615	0.000531365313653	0.000682749203459	0.000453926463913	0.000403347786629	0.000582580833091	0.000368410476254	0.000400962309543	0.000681308111574	0.0	0.000291036088475	0.00014531715469	0.00021186440678	0.000503235082674	0.00131492439185	0.000357525920629	0.0
k__Bacteria;p__Proteobacteria;c__Alphaproteobacteria;o__Caulobacterales;f__Caulobacteraceae;g__Caulobacter	0.000459537705069	9.12325517745e-05	0.00100031259769	0.000735083922081	0.000689179875948	0.00138667406226	0.00094524830946	0.000588004704038	0.000618711127031	0.000265682656827	0.00022758306782	0.00248146466939	0.000201673893315	0.000946693853772	0.00123919887467	0.00120288692863	0.00148284706637	0.0010101010101	0.000873108265425	0.00123519581487	0.000847457627119	7.18907260963e-05	0.000328731097962	0.00107257776189	0.000976085895559
k__Bacteria;p__Proteobacteria;c__Alphaproteobacteria;o__Caulobacterales;f__Caulobacteraceae;g__Mycoplana	0.000321676393548	0.00109479062129	0.000437636761488	0.0021235757749	0.000344589937974	0.000693337031131	0.00101795971788	0.000849340128054	0.00100947604937	0.000915129151292	0.00197238658777	0.00102889998487	0.000705858626601	0.000582580833091	0.000703329091031	0.000735097567495	0.000721385059314	0.0	0.0011641443539	0.00130785439221	0.000635593220339	0.000862688713156	0.000328731097962	0.00107257776189	0.000488042947779
k__Bacteria;p__Proteobacteria;c__Alphaproteobacteria;o__Rhizobiales;f__;g__	0.00657138918248	0.00374053462275	0.00468896530166	0.00677910728141	0.00585802894555	0.00526936143659	0.00596233549044	0.00509604076833	0.00634992998795	0.00236162361624	0.00477924442421	0.00674837343017	0.00504184733286	0.00371395281095	0.00542568155938	0.0056134723336	0.00500961846746	0.00505050505051	0.00494761350407	0.00755649204389	0.00593220338983	0.00488856937455	0.00394477317554	0.00500536288881	0.00488042947779
k__Bacteria;p__Proteobacteria;c__Alphaproteobacteria;o__Rhizobiales;f__Bradyrhizobiaceae;g__	0.00574422131336	0.00200711613904	0.00456392622695	0.0048188834892	0.00482425913163	0.0031893503432	0.00407183887152	0.00483470534431	0.00556840014328	0.0040442804428	0.00295857988166	0.0050234528673	0.00695774931935	0.00385959801923	0.00512425480608	0.00541299117883	0.00324623276691	0.0040404040404	0.0046565774156	0.00385090459929	0.00254237288136	0.0039539899353	0.00493096646943	0.00286020736503	0.00488042947779
k__Bacteria;p__Proteobacteria;c__Alphaproteobacteria;o__Rhizobiales;f__Bradyrhizobiaceae;g__Balneimonas	0.000275722623041	0.000273697655323	0.000375117224133	0.000285865969698	0.000344589937974	0.000208001109339	0.00021813422526	0.000196001568013	0.000260509948224	2.9520295203e-05	0.000303444090426	0.000272355878348	0.000201673893315	0.000145645208273	0.000133967445911	0.000133654103181	4.00769477397e-05	0.000252525252525	0.000291036088475	0.0	0.00021186440678	0.000143781452193	0.0	0.0	0.0
k__Bacteria;p__Proteobacteria;c__Alphaproteobacteria;o__Rhizobiales;f__Bradyrhizobiaceae;g__Bradyrhizobium	0.0423693764073	0.0140498129733	0.0241325414192	0.0285457589741	0.0296347346657	0.0276641475421	0.0255217043554	0.0279628903698	0.0323032335797	0.00879704797048	0.0226824457594	0.0331366318656	0.0386205505697	0.0205359743664	0.0295733136848	0.0227211975408	0.0254488618147	0.0234848484848	0.0209545983702	0.0341495313522	0.025	0.0271746944644	0.0305719921105	0.0314622810154	0.0226939970717
k__Bacteria;p__Proteobacteria;c__Alphaproteobacteria;o__Rhizobiales;f__Hyphomicrobiaceae;Other	0.000505491475576	0.000273697655323	0.000500156298843	0.000408379956712	0.00103376981392	0.000485335921792	0.0007271140842	0.000326669280021	0.000846657331727	0.000118081180812	0.000379305113033	0.000453926463913	0.000201673893315	0.000364113020682	0.000535869783643	0.000668270515905	0.000280538634178	0.000252525252525	0.0	0.000217975732035	0.00021186440678	0.000287562904385	0.000328731097962	0.0	0.00024402147389
k__Bacteria;p__Proteobacteria;c__Alphaproteobacteria;o__Rhizobiales;f__Hyphomicrobiaceae;g__	0.0119020265613	0.00675120883131	0.0086902156924	0.00763670519051	0.00930392832529	0.00492269292103	0.00821638915146	0.00535737619234	0.0140349734605	0.00215498154982	0.00682749203459	0.008352246936	0.0123021074922	0.0056073405185	0.00857391653828	0.0115610799252	0.00745431227958	0.00808080808081	0.00552968568102	0.00879168785875	0.00550847457627	0.00941768511862	0.0069033530572	0.00715051841258	0.00805270863836
k__Bacteria;p__Proteobacteria;c__Alphaproteobacteria;o__Rhizobiales;f__Hyphomicrobiaceae;g__Devosia	0.00551445246082	0.00228081379436	0.0046264457643	0.00539061542859	0.00275671950379	0.00270401442141	0.00349014760416	0.00535737619234	0.0036145755316	0.00366051660517	0.00439993931118	0.00438795581782	0.00544519511949	0.00349548499854	0.00301426753299	0.00307404437316	0.00428823340814	0.00277777777778	0.00552968568102	0.00348761171256	0.00317796610169	0.00273184759166	0.00460223537147	0.0025026814444	0.00317227916057
k__Bacteria;p__Proteobacteria;c__Alphaproteobacteria;o__Rhizobiales;f__Hyphomicrobiaceae;g__Hyphomicrobium	0.000689306557603	0.000273697655323	0.000250078149422	0.000408379956712	0.000344589937974	0.000346668515565	0.00065440267578	0.00078400627205	0.00136767722817	0.000236162361624	0.00106205431649	0.000302617642609	0.000504184733286	0.000218467812409	0.000401902337732	0.000400962309543	0.000360692529657	0.000252525252525	0.0	0.00058126861876	0.0	0.000359453630482	0.000657462195924	0.000715051841258	0.000732064421669
k__Bacteria;p__Proteobacteria;c__Alphaproteobacteria;o__Rhizobiales;f__Hyphomicrobiaceae;g__Pedomicrobium	0.00298699508295	0.00118602317307	0.00275085964364	0.00285865969698	0.00172294968987	0.0026346807183	0.00239947647786	0.0032013589442	0.00400534045394	0.00177121771218	0.00189652556516	0.00269329701922	0.00272259755975	0.00152927468686	0.00234443030344	0.00273990911521	0.00172330875281	0.00227272727273	0.00145518044237	0.00261570878442	0.00317796610169	0.00165348670022	0.00164365548981	0.00286020736503	0.00122010736945
k__Bacteria;p__Proteobacteria;c__Alphaproteobacteria;o__Rhizobiales;f__Hyphomicrobiaceae;g__Rhodoplanes	0.0060199439364	0.00255451144969	0.00468896530166	0.00445134152816	0.00344589937974	0.00374401996811	0.00778012070094	0.00418136678427	0.00670813116676	0.00144649446494	0.00470338340161	0.00602209108791	0.00443682565292	0.00458782406059	0.00432045013062	0.00521251002406	0.00553061878807	0.00429292929293	0.00320139697322	0.00326963598053	0.00381355932203	0.00323508267434	0.00262984878369	0.00357525920629	0.00610053684724
k__Bacteria;p__Proteobacteria;c__Alphaproteobacteria;o__Rhizobiales;f__Methylobacteriaceae;g__Methylobacterium	0.000183815082027	0.0	0.0	0.0	0.0	0.000346668515565	0.00050897985894	0.000653338560042	0.0	0.0	0.000151722045213	6.05235285217e-05	0.000201673893315	7.28226041363e-05	0.0	0.000534616412724	0.000120230843219	0.0	0.0	0.0	0.00021186440678	0.000143781452193	0.000328731097962	0.000357525920629	0.0
k__Bacteria;p__Proteobacteria;c__Alphaproteobacteria;o__Rhizobiales;f__Phyllobacteriaceae;g__	0.00193005836129	0.000729860414196	0.00231322288215	0.00142932984849	0.0013783597519	0.00166400887471	0.00116338253472	0.00202534953613	0.00227946204696	0.000590405904059	0.00121377636171	0.00145256468452	0.00191590198649	0.000509758228954	0.00140665818206	0.00120288692863	0.00172330875281	0.00126262626263	0.0011641443539	0.00130785439221	0.00169491525424	0.00079079798706	0.00230111768573	0.00107257776189	0.00170815031723
k__Bacteria;p__Proteobacteria;c__Alphaproteobacteria;o__Rhizobiales;f__Phyllobacteriaceae;g__Mesorhizobium	0.00183815082027	0.000547395310647	0.0022507033448	0.0015518438355	0.0013783597519	0.00208001109339	0.0010906711263	0.00137201097609	0.00172587840698	0.000619926199262	0.00128963738431	0.00181570585565	0.00121004335989	0.00116516166618	0.00144015004354	0.00113605987704	0.00160307790959	0.000757575757576	0.0011641443539	0.00196178158832	0.00127118644068	0.00136592379583	0.00197238658777	0.00214515552378	0.00122010736945
k__Bacteria;p__Proteobacteria;c__Alphaproteobacteria;o__Rhizobiales;f__Phyllobacteriaceae;g__Phyllobacterium	0.00206791967281	0.000729860414196	0.00150046889653	0.00134765385715	0.00206753962784	0.0026346807183	0.00232676506944	0.00300535737619	0.00205151584226	0.00079704797048	0.00045516613564	0.00145256468452	0.0021175758798	0.000873871249636	0.00217697099605	0.00180433039294	0.00176338570055	0.0020202020202	0.00203725261932	0.00639395480636	0.00254237288136	0.00150970524802	0.000986193293886	0.00464783696818	0.00219619326501
k__Bacteria;p__Proteobacteria;c__Alphaproteobacteria;o__Rhizobiales;f__Rhizobiaceae;g__Agrobacterium	0.00569826754285	0.00191588358726	0.00312597686777	0.00706497325111	0.00275671950379	0.00201067739028	0.00443539591362	0.00365869593623	0.00367970301866	0.00433948339483	0.00371719010772	0.012528370404	0.00574770595946	0.00342266239441	0.00555964900529	0.00534616412724	0.00328630971465	0.00530303030303	0.00640279394645	0.00690256484778	0.00614406779661	0.00143781452193	0.00361604207758	0.00572041473007	0.00341630063446
k__Bacteria;p__Proteobacteria;c__Alphaproteobacteria;o__Rhizobiales;f__Rhizobiaceae;g__Rhizobium	0.00101098295115	0.000638627862421	0.000875273522976	0.00114346387879	0.000689179875948	0.000693337031131	0.00450810732204	0.000392003136025	0.0016281871764	0.000354243542435	0.000682749203459	0.000635497049478	0.000806695573258	0.000436935624818	0.000904280259897	0.000601443464314	0.00188361654376	0.00126262626263	0.0011641443539	0.00058126861876	0.000847457627119	0.00100647016535	0.00197238658777	0.00214515552378	0.000488042947779
k__Bacteria;p__Proteobacteria;c__Alphaproteobacteria;o__Rhizobiales;f__Rhizobiaceae;g__Sinorhizobium	0.00716878819907	0.00456162758872	0.00775242263207	0.0111896108139	0.00413507925569	0.0108160576856	0.00516250999782	0.00914673984059	0.00677325865381	0.0104206642066	0.00705507510241	0.00856407928582	0.00756277099929	0.00888435770463	0.00897581887601	0.00594760759155	0.00637223469061	0.00479797979798	0.00523864959255	0.00755649204389	0.00677966101695	0.00460100647017	0.00558842866535	0.00464783696818	0.00854075158614
k__Bacteria;p__Proteobacteria;c__Alphaproteobacteria;o__Rhodobacterales;f__Hyphomonadaceae;g__	0.00556040623133	0.00228081379436	0.00275085964364	0.00392044758443	0.00172294968987	0.00277334812452	0.00334472478732	0.00326669280021	0.00420072291511	0.00227306273063	0.00212410863298	0.00426690876078	0.00584854290612	0.00313137197786	0.00341616987072	0.00334135257952	0.00236453991664	0.00126262626263	0.00261932479627	0.00392356317663	0.000847457627119	0.00287562904385	0.00197238658777	0.00536288880944	0.00341630063446
k__Bacteria;p__Proteobacteria;c__Alphaproteobacteria;o__Rhodospirillales;f__;g__	0.00183815082027	0.000273697655323	0.00250078149422	0.00147016784416	0.00103376981392	0.0010400055467	0.00101795971788	0.00169868025611	0.00143280471523	0.000590405904059	0.000682749203459	0.000756544106521	0.000504184733286	0.000873871249636	0.000937772121375	0.00126971398022	0.000841615902533	0.000252525252525	0.00058207217695	0.000726585773451	0.0010593220339	0.000359453630482	0.000328731097962	0.000715051841258	0.00122010736945
k__Bacteria;p__Proteobacteria;c__Alphaproteobacteria;o__Rhodospirillales;f__Rhodospirillaceae;g__	0.0238959606636	0.00811969710793	0.0128790246952	0.0188671540001	0.00964851826327	0.0152534146849	0.012288228023	0.0166601332811	0.0149467582793	0.00676014760148	0.0114550144136	0.0160387350583	0.0203690632248	0.0120157296825	0.0167794226003	0.018444266239	0.012624238538	0.0133838383838	0.0104772991851	0.0139504468503	0.0110169491525	0.0158159597412	0.0105193951348	0.0135859849839	0.0117130307467
k__Bacteria;p__Proteobacteria;c__Alphaproteobacteria;o__Rhodospirillales;f__Rhodospirillaceae;g__Inquilinus	0.000413583934562	0.000182465103549	0.000312597686777	0.000408379956712	0.000689179875948	0.000416002218678	0.0014542281684	0.000196001568013	0.000553583639975	2.9520295203e-05	0.000151722045213	0.000302617642609	0.000302510839972	0.000145645208273	0.000334918614777	0.000200481154771	0.000440846425136	0.0	0.000873108265425	0.00014531715469	0.000423728813559	0.000431344356578	0.000657462195924	0.000357525920629	0.000488042947779
k__Bacteria;p__Proteobacteria;c__Alphaproteobacteria;o__Rhodospirillales;f__Rhodospirillaceae;g__Skermanella	0.000275722623041	0.0	0.000250078149422	0.000408379956712	0.000344589937974	0.000277334812452	0.00065440267578	0.000261335424017	0.000521019896447	0.000236162361624	0.000834471248672	0.000211832349826	0.000302510839972	0.000291290416545	0.000167459307388	0.000467789361133	0.000360692529657	0.000252525252525	0.00058207217695	0.00058126861876	0.0	0.000215672178289	0.0	0.000357525920629	0.0
k__Bacteria;p__Proteobacteria;c__Alphaproteobacteria;o__Sphingomonadales;f__Erythrobacteraceae;g__	0.000321676393548	9.12325517745e-05	0.000187558612066	0.000163351982685	0.0	6.93337031131e-05	0.00014542281684	0.000196001568013	0.000260509948224	0.000206642066421	7.58610226066e-05	0.000211832349826	0.000100836946657	7.28226041363e-05	0.000267934891821	0.000200481154771	0.000120230843219	0.0	0.0	7.26585773451e-05	0.0	0.000143781452193	0.0	0.0	0.00024402147389
k__Bacteria;p__Proteobacteria;c__Alphaproteobacteria;o__Sphingomonadales;f__Sphingomonadaceae;g__	0.000643352787096	0.000182465103549	0.000437636761488	0.000653407930739	0.0	0.000624003328018	0.0003635570421	0.000261335424017	0.000423328665863	0.000147601476015	0.000303444090426	0.000302617642609	0.000907532519915	0.000291290416545	0.000334918614777	0.000601443464314	0.000561077268355	0.000505050505051	0.0	0.000508610041415	0.0	0.000359453630482	0.0	0.00107257776189	0.000976085895559
k__Bacteria;p__Proteobacteria;c__Alphaproteobacteria;o__Sphingomonadales;f__Sphingomonadaceae;g__Kaistobacter	0.000367630164055	9.12325517745e-05	0.00068771491091	0.000285865969698	0.000344589937974	0.000277334812452	0.00029084563368	0.000588004704038	0.000358201178808	0.00029520295203	0.000606888180853	0.000635497049478	0.000705858626601	0.000728226041363	0.000301426753299	0.000334135257952	0.000881692850273	0.0	0.000291036088475	0.0	0.000423728813559	7.18907260963e-05	0.000986193293886	0.0	0.0
k__Bacteria;p__Proteobacteria;c__Alphaproteobacteria;o__Sphingomonadales;f__Sphingomonadaceae;g__Novosphingobium	9.19075410137e-05	0.0	0.000125039074711	0.000163351982685	0.0	0.000346668515565	0.00021813422526	0.000196001568013	6.51274870559e-05	2.9520295203e-05	0.000151722045213	9.07852927826e-05	0.0	7.28226041363e-05	0.000133967445911	6.68270515905e-05	0.000160307790959	0.0	0.0	0.00014531715469	0.00021186440678	0.000287562904385	0.0	0.000357525920629	0.0
k__Bacteria;p__Proteobacteria;c__Alphaproteobacteria;o__Sphingomonadales;f__Sphingomonadaceae;g__Sphingopyxis	0.000689306557603	0.0	6.25195373554e-05	0.000980111896108	0.000344589937974	0.000138667406226	0.00029084563368	0.000196001568013	0.000195382461168	0.000177121771218	0.000986193293886	0.000423664699652	0.000100836946657	0.000291290416545	0.00056936164512	0.000334135257952	4.00769477397e-05	0.0	0.0	0.000217975732035	0.00021186440678	0.000143781452193	0.000328731097962	0.0	0.0
k__Bacteria;p__Proteobacteria;c__Betaproteobacteria;o__;f__;g__	0.000413583934562	0.0	0.000312597686777	0.000857597909095	0.000689179875948	0.000208001109339	0.00029084563368	0.000130667712008	0.00016281871764	5.90405904059e-05	0.0	0.000211832349826	0.000302510839972	0.000218467812409	6.69837229553e-05	0.000267308206362	4.00769477397e-05	0.0	0.0	0.000217975732035	0.00021186440678	7.18907260963e-05	0.0	0.0	0.00024402147389
k__Bacteria;p__Proteobacteria;c__Betaproteobacteria;o__Burkholderiales;f__Alcaligenaceae;g__Achromobacter	0.000413583934562	0.000182465103549	0.0	0.00110262588312	0.0	6.93337031131e-05	7.271140842e-05	0.000196001568013	3.2563743528e-05	0.0	0.0	0.000181570585565	0.0	0.0	6.69837229553e-05	6.68270515905e-05	0.000280538634178	0.0	0.00058207217695	7.26585773451e-05	0.000635593220339	0.000431344356578	0.0	0.0	0.0
k__Bacteria;p__Proteobacteria;c__Betaproteobacteria;o__Burkholderiales;f__Burkholderiaceae;g__Candidatus Glomeribacter	0.000137861311521	9.12325517745e-05	0.000125039074711	0.0	0.00103376981392	0.000346668515565	0.00021813422526	0.000130667712008	0.000130254974112	5.90405904059e-05	7.58610226066e-05	0.00036314117113	0.000504184733286	0.0	0.000167459307388	0.000467789361133	0.000160307790959	0.0	0.0	0.000217975732035	0.0	7.18907260963e-05	0.000328731097962	0.000357525920629	0.000488042947779
k__Bacteria;p__Proteobacteria;c__Betaproteobacteria;o__Burkholderiales;f__Comamonadaceae;Other	0.000413583934562	9.12325517745e-05	0.000312597686777	0.000163351982685	0.000344589937974	6.93337031131e-05	0.0	0.000261335424017	3.2563743528e-05	2.9520295203e-05	0.0	0.000484188228174	0.0	7.28226041363e-05	0.000234443030344	0.0	0.000120230843219	0.0	0.00058207217695	0.00014531715469	0.000847457627119	0.000143781452193	0.000328731097962	0.0	0.000732064421669
k__Bacteria;p__Proteobacteria;c__Betaproteobacteria;o__Burkholderiales;f__Comamonadaceae;g__Limnohabitans	0.000183815082027	0.000364930207098	6.25195373554e-05	0.000449217952383	0.000344589937974	0.000485335921792	0.00079982549262	0.000457336992029	0.000488456152919	2.9520295203e-05	0.000379305113033	0.000272355878348	0.000403347786629	0.00123798427032	0.000100475584433	0.000200481154771	0.000120230843219	0.000757575757576	0.00058207217695	0.00116253723752	0.000423728813559	0.000287562904385	0.0	0.000357525920629	0.000488042947779
k__Bacteria;p__Proteobacteria;c__Betaproteobacteria;o__Burkholderiales;f__Comamonadaceae;g__Methylibium	0.0590965488718	0.121065596205	0.0809002813379	0.121819741087	0.119228118539	0.0709283782847	0.0656584018032	0.09368874951	0.0860985378879	0.0460811808118	0.0930814747383	0.101376910274	0.0988202077241	0.0835275269444	0.125728447987	0.0821304464047	0.071737736454	0.114141414141	0.126600698487	0.0630676451355	0.132203389831	0.0874191229331	0.116699539776	0.104755094744	0.13616398243
k__Bacteria;p__Proteobacteria;c__Betaproteobacteria;o__Burkholderiales;f__Comamonadaceae;g__Polaromonas	0.000275722623041	0.0	0.000437636761488	0.000449217952383	0.000344589937974	0.000277334812452	0.00043626845052	0.000653338560042	0.00016281871764	2.9520295203e-05	0.000834471248672	0.000302617642609	0.000504184733286	0.00101951645791	0.000167459307388	6.68270515905e-05	0.000240461686438	0.000252525252525	0.000291036088475	0.000217975732035	0.000635593220339	0.000934579439252	0.0	0.0	0.000732064421669
k__Bacteria;p__Proteobacteria;c__Betaproteobacteria;o__Burkholderiales;f__Comamonadaceae;g__Ramlibacter	0.000689306557603	0.000364930207098	0.000312597686777	0.000530893943725	0.00172294968987	0.000277334812452	0.0010906711263	0.000392003136025	0.000423328665863	0.000354243542435	0.000531027158246	0.0022393705553	0.00100836946657	0.000873871249636	0.000669837229553	0.00474472066292	0.000601154216095	0.000505050505051	0.00378346915017	0.000799244350796	0.0010593220339	0.00079079798706	0.000986193293886	0.00143010368252	0.00170815031723
k__Bacteria;p__Proteobacteria;c__Betaproteobacteria;o__Burkholderiales;f__Comamonadaceae;g__Rubrivivax	0.0732962639585	0.108931666819	0.0727102219444	0.0855556009311	0.128532046864	0.0565763017403	0.0469715698393	0.0700378936365	0.0848611156339	0.0608118081181	0.0479441662874	0.110455439552	0.0731067863265	0.0991843868337	0.07502176971	0.0562015503876	0.105242064764	0.143181818182	0.134749708964	0.076218847635	0.140042372881	0.0788641265277	0.127876397107	0.116195924205	0.128843338214
k__Bacteria;p__Proteobacteria;c__Betaproteobacteria;o__Burkholderiales;f__Comamonadaceae;g__Schlegelella	0.00422774688663	0.00109479062129	0.00312597686777	0.00326703965369	0.00379048931771	0.00187200998405	0.00370828182942	0.00196001568013	0.00179100589404	0.000856088560886	0.00212410863298	0.00402481464669	0.00161339114652	0.00327701718613	0.00217697099605	0.00200481154771	0.0025248477076	0.00328282828283	0.00436554132712	0.00108987866018	0.000847457627119	0.00115025161754	0.00394477317554	0.00429031104755	0.00317227916057
k__Bacteria;p__Proteobacteria;c__Betaproteobacteria;o__Burkholderiales;f__Comamonadaceae;g__Variovorax	0.0145213914802	0.00757230179728	0.0128165051579	0.0124964266754	0.013783597519	0.0108853913888	0.0106885770377	0.0115640925127	0.011657820183	0.00743911439114	0.0110757093006	0.0254198819791	0.0121004335989	0.0141275852024	0.0167124388774	0.0084202085004	0.0112215453671	0.0126262626263	0.0113504074505	0.0184552786456	0.0148305084746	0.0117181883537	0.0154503616042	0.0117983553808	0.0134211810639
k__Bacteria;p__Proteobacteria;c__Betaproteobacteria;o__Burkholderiales;f__Oxalobacteraceae;Other	0.00781214098617	0.0208010218046	0.0106908408878	0.0191530199698	0.0234321157822	0.0101227206545	0.0223951137934	0.0214948386254	0.0230876941613	0.0079704797048	0.0592474586557	0.0111060674837	0.0153272158919	0.0168220215555	0.0348985196597	0.012563485699	0.0139067008657	0.0272727272727	0.0259022118743	0.0132238610768	0.0298728813559	0.0180445722502	0.0266272189349	0.0353950661423	0.0339189848707
k__Bacteria;p__Proteobacteria;c__Betaproteobacteria;o__Burkholderiales;f__Oxalobacteraceae;g__	0.0413124396857	0.0691542742451	0.0420756486402	0.0496590027361	0.0744314266023	0.0294668238231	0.0325019995637	0.0548804390435	0.0556514376893	0.0686051660517	0.027385829161	0.0626115902557	0.0367046485832	0.0490096125837	0.0409605465872	0.0234562951083	0.0599150368708	0.0800505050505	0.0777066356228	0.0297173581341	0.0866525423729	0.047735442128	0.0614727153189	0.0693600286021	0.0688140556369
k__Bacteria;p__Proteobacteria;c__Betaproteobacteria;o__Burkholderiales;f__Oxalobacteraceae;g__Cupriavidus	0.000505491475576	0.000364930207098	0.000562675836199	0.00114346387879	0.0	0.000554669624905	0.0003635570421	0.0016333464001	0.000390764922335	0.00050184501845	0.000379305113033	0.000393402935391	0.000504184733286	0.000436935624818	0.000535869783643	0.00160384923817	0.000320615581917	0.000505050505051	0.00058207217695	0.00152583012425	0.00127118644068	0.000359453630482	0.000657462195924	0.00107257776189	0.000488042947779
k__Bacteria;p__Proteobacteria;c__Betaproteobacteria;o__Burkholderiales;f__Oxalobacteraceae;g__Janthinobacterium	0.00519277606728	0.00583888331357	0.00443888715224	0.0254829092988	0.0113714679531	0.00506136032726	0.00261761070312	0.00718672416046	0.011592692696	0.00442804428044	0.039144287665	0.00783779694356	0.00514268427952	0.00713661520536	0.00589456762007	0.00360866078589	0.00917762103238	0.0121212121212	0.0148428405122	0.00813776066265	0.0154661016949	0.00560747663551	0.0108481262327	0.00750804433321	0.0112249877989
k__Bacteria;p__Proteobacteria;c__Betaproteobacteria;o__MND1;f__;g__	0.00427370065714	0.000912325517745	0.00400125039075	0.00371625760608	0.00206753962784	0.0031893503432	0.00261761070312	0.00359336208023	0.00345175681396	0.000885608856089	0.00204824761038	0.00332879406869	0.00363013007966	0.00167491989514	0.00348315359368	0.00340817963111	0.00248477075986	0.00151515151515	0.00291036088475	0.00319697740318	0.00296610169492	0.00222861250899	0.00262984878369	0.00143010368252	0.00219619326501
k__Bacteria;p__Proteobacteria;c__Betaproteobacteria;o__Methylophilales;f__Methylophilaceae;g__	0.00119479803318	0.00145972082839	0.000562675836199	0.00110262588312	0.00103376981392	0.000485335921792	0.0010906711263	0.00104534169607	0.000814093588199	0.000619926199262	0.00128963738431	0.00114994704191	0.000605021679944	0.000509758228954	0.000937772121375	0.000735097567495	0.000881692850273	0.000505050505051	0.000291036088475	0.00101722008283	0.0010593220339	0.000503235082674	0.000328731097962	0.000357525920629	0.000732064421669
k__Bacteria;p__Proteobacteria;c__Betaproteobacteria;o__Rhodocyclales;f__Rhodocyclaceae;g__Uliginosibacterium	0.000183815082027	0.000547395310647	0.000187558612066	0.000285865969698	0.000344589937974	0.0	0.0	0.000326669280021	6.51274870559e-05	0.000177121771218	0.000606888180853	0.000484188228174	0.000403347786629	0.000582580833091	0.000100475584433	6.68270515905e-05	0.000280538634178	0.0	0.00058207217695	0.00014531715469	0.0	0.000718907260963	0.0	0.0	0.000732064421669
k__Bacteria;p__Proteobacteria;c__Betaproteobacteria;o__SC-I-84;f__;g__	0.000183815082027	0.0	0.000312597686777	4.08379956712e-05	0.000344589937974	6.93337031131e-05	0.0	0.000196001568013	0.00016281871764	8.85608856089e-05	0.00022758306782	0.000211832349826	0.000201673893315	0.000218467812409	0.000100475584433	0.000400962309543	4.00769477397e-05	0.000505050505051	0.000291036088475	0.000363292886725	0.000423728813559	0.0	0.0	0.000715051841258	0.0
k__Bacteria;p__Proteobacteria;c__Deltaproteobacteria;o__Bdellovibrionales;f__Bacteriovoracaceae;g__	0.000367630164055	0.00301067420856	0.000187558612066	0.000980111896108	0.00103376981392	0.000693337031131	0.0003635570421	0.000914673984059	0.00107460353642	0.000354243542435	0.00121377636171	0.000817067635043	0.00100836946657	0.000291290416545	0.000870788398419	0.000668270515905	0.000841615902533	0.000505050505051	0.00058207217695	0.00130785439221	0.0	0.00079079798706	0.0	0.00107257776189	0.000488042947779
k__Bacteria;p__Proteobacteria;c__Deltaproteobacteria;o__Bdellovibrionales;f__Bdellovibrionaceae;g__Bdellovibrio	9.19075410137e-05	0.000729860414196	0.000187558612066	0.000653407930739	0.0	0.000346668515565	0.00029084563368	0.000326669280021	0.000781529844671	8.85608856089e-05	0.000531027158246	0.000665758813739	0.000403347786629	0.000582580833091	0.000200951168866	0.000267308206362	0.000400769477397	0.0	0.00058207217695	7.26585773451e-05	0.0	0.000431344356578	0.0	0.000357525920629	0.00024402147389
k__Bacteria;p__Proteobacteria;c__Deltaproteobacteria;o__MIZ46;f__;g__	0.000275722623041	9.12325517745e-05	0.000250078149422	0.000367541961041	0.000689179875948	0.000208001109339	0.0003635570421	0.000718672416046	0.000130254974112	0.000324723247232	0.0	0.000151308821304	0.000403347786629	0.000145645208273	0.000267934891821	0.000133654103181	0.000320615581917	0.0	0.00058207217695	0.000508610041415	0.0	7.18907260963e-05	0.000328731097962	0.0	0.0
k__Bacteria;p__Proteobacteria;c__Deltaproteobacteria;o__Myxococcales;f__;g__	0.0273884472221	0.0160569291123	0.0181931853704	0.0202148078572	0.0141281874569	0.0169867572627	0.0298843888606	0.0181628119692	0.0461428245791	0.0107453874539	0.0286754665453	0.0211227114541	0.0218816174246	0.0165307311389	0.0217027262375	0.0202485966319	0.0220823982046	0.015404040404	0.0168800931315	0.0197631330379	0.0135593220339	0.0146657081237	0.0203813280736	0.0110833035395	0.0161054172767
k__Bacteria;p__Proteobacteria;c__Deltaproteobacteria;o__Myxococcales;f__0319-6G20;g__	0.000275722623041	0.000182465103549	0.000375117224133	0.000163351982685	0.0	0.000138667406226	0.0	6.53338560042e-05	0.000293073691752	0.0	0.00022758306782	0.000211832349826	0.000100836946657	7.28226041363e-05	0.000100475584433	0.000200481154771	4.00769477397e-05	0.0	0.0	0.00029063430938	0.0	0.000287562904385	0.0	0.0	0.00024402147389
k__Bacteria;p__Proteobacteria;c__Deltaproteobacteria;o__Myxococcales;f__Haliangiaceae;g__	0.00795000229769	0.00693367393486	0.00931541106596	0.00518642545024	0.00206753962784	0.00776537474867	0.00494437577256	0.00476937148831	0.00595916506562	0.00407380073801	0.00546199362767	0.00357088818278	0.00715942321267	0.00466064666472	0.0050907629446	0.00608126169473	0.00492946457198	0.00580808080808	0.00407450523865	0.00544939330088	0.00317796610169	0.00733285406183	0.00230111768573	0.00321773328566	0.00536847242557
k__Bacteria;p__Proteobacteria;c__Deltaproteobacteria;o__Myxococcales;f__Myxococcaceae;g__Corallococcus	0.000551445246082	0.000547395310647	0.000437636761488	0.000857597909095	0.0013783597519	0.000346668515565	0.00094524830946	0.000588004704038	0.00130254974112	0.000324723247232	0.000303444090426	0.000726282342261	0.000705858626601	0.000291290416545	0.000468886060687	0.000534616412724	0.000681308111574	0.000757575757576	0.000873108265425	0.00305166024849	0.000847457627119	0.00129403306973	0.000657462195924	0.0	0.00024402147389
k__Bacteria;p__Proteobacteria;c__Deltaproteobacteria;o__Myxococcales;f__Nannocystaceae;g__Nannocystis	0.000183815082027	0.000273697655323	0.000375117224133	0.000367541961041	0.000344589937974	0.000138667406226	0.00050897985894	0.000326669280021	0.00016281871764	0.000324723247232	0.000531027158246	0.000393402935391	0.000403347786629	0.000509758228954	0.000133967445911	0.000801924619086	0.000440846425136	0.0	0.0	0.0	0.00021186440678	0.000287562904385	0.0	0.00107257776189	0.0
k__Bacteria;p__Proteobacteria;c__Deltaproteobacteria;o__Myxococcales;f__Nannocystaceae;g__Plesiocystis	0.000505491475576	0.000547395310647	0.000437636761488	0.000490055948054	0.0	0.000693337031131	0.00058169126736	0.000718672416046	0.000423328665863	0.000413284132841	0.000834471248672	0.000696020578	0.000504184733286	0.000509758228954	0.000736820952509	0.000668270515905	0.000440846425136	0.0	0.000291036088475	0.000363292886725	0.000423728813559	0.000575125808771	0.000328731097962	0.00107257776189	0.00024402147389
k__Bacteria;p__Proteobacteria;c__Deltaproteobacteria;o__Myxococcales;f__Polyangiaceae;Other	0.00179219704977	0.00118602317307	0.00131291028446	0.00163351982685	0.0013783597519	0.00270401442141	0.0025448992947	0.00202534953613	0.00459148783744	0.000974169741697	0.0057654377181	0.0022393705553	0.00100836946657	0.00167491989514	0.00231093844196	0.00187115744453	0.00148284706637	0.00126262626263	0.0011641443539	0.00116253723752	0.00127118644068	0.00165348670022	0.000328731097962	0.00178762960315	0.000976085895559
k__Bacteria;p__Proteobacteria;c__Deltaproteobacteria;o__NB1-j;f__;g__	0.00119479803318	0.000729860414196	0.00193810565802	0.00159268183118	0.00172294968987	0.00187200998405	0.0010906711263	0.00209068339213	0.00214920707285	0.0010332103321	0.00106205431649	0.0029353911333	0.00151255419986	0.000509758228954	0.00137316632058	0.00113605987704	0.00104200064123	0.00126262626263	0.0011641443539	0.00152583012425	0.00233050847458	0.000934579439252	0.00131492439185	0.00143010368252	0.000976085895559
k__Bacteria;p__Proteobacteria;c__Deltaproteobacteria;o__NB1-j;f__MND4;g__	0.000275722623041	0.000273697655323	0.000125039074711	0.000204189978356	0.0	0.000138667406226	0.0003635570421	0.000130667712008	9.76912305839e-05	0.00109225092251	7.58610226066e-05	0.000332879406869	0.000100836946657	0.000218467812409	0.000133967445911	0.0	0.0	0.0	0.000291036088475	0.00029063430938	0.00021186440678	0.0	0.0	0.0	0.0
k__Bacteria;p__Proteobacteria;c__Deltaproteobacteria;o__NB1-j;f__NB1-i;g__	0.0013326593447	0.000456162758872	0.000625195373554	0.000612569935068	0.0	0.000416002218678	0.0007271140842	0.000457336992029	0.000586147383503	0.000472324723247	7.58610226066e-05	0.000847329399304	0.00121004335989	0.000291290416545	0.000736820952509	0.000668270515905	0.000521000320616	0.000757575757576	0.0	0.000363292886725	0.000423728813559	0.000287562904385	0.000657462195924	0.000357525920629	0.00024402147389
k__Bacteria;p__Proteobacteria;c__Deltaproteobacteria;o__Syntrophobacterales;f__Syntrophobacteraceae;g__	0.000965029180644	0.000273697655323	0.000937793060331	0.00134765385715	0.000344589937974	0.000693337031131	0.0003635570421	0.000849340128054	0.000683838614087	0.000442804428044	0.00022758306782	0.000544711756695	0.000504184733286	0.000509758228954	0.000770312813986	0.000735097567495	0.000440846425136	0.000757575757576	0.000291036088475	0.00138051296956	0.0	0.000503235082674	0.000657462195924	0.000357525920629	0.000976085895559
k__Bacteria;p__Proteobacteria;c__Gammaproteobacteria;Other;Other;Other	0.000275722623041	9.12325517745e-05	0.000125039074711	4.08379956712e-05	0.0	0.000138667406226	0.00014542281684	6.53338560042e-05	0.000293073691752	0.000206642066421	7.58610226066e-05	0.000181570585565	0.000403347786629	0.000145645208273	0.000234443030344	6.68270515905e-05	8.01538954793e-05	0.0	0.0	0.000508610041415	0.0	7.18907260963e-05	0.0	0.0	0.0
k__Bacteria;p__Proteobacteria;c__Gammaproteobacteria;o__34P16;f__;g__	0.000597399016589	9.12325517745e-05	0.000250078149422	0.000245027974027	0.000689179875948	0.000208001109339	0.00029084563368	0.0	0.000521019896447	0.00029520295203	7.58610226066e-05	6.05235285217e-05	0.000100836946657	0.000364113020682	0.000334918614777	0.000133654103181	0.000160307790959	0.000252525252525	0.00058207217695	0.00014531715469	0.0	7.18907260963e-05	0.0	0.0	0.00024402147389
k__Bacteria;p__Proteobacteria;c__Gammaproteobacteria;o__Alteromonadales;f__211ds20;g__	0.000183815082027	0.000182465103549	0.000562675836199	0.000245027974027	0.000344589937974	0.000208001109339	0.00021813422526	0.000130667712008	0.000748966101143	2.9520295203e-05	0.000379305113033	0.000877591163565	0.000100836946657	0.000364113020682	0.000133967445911	0.000133654103181	0.000200384738698	0.000252525252525	0.0	0.000217975732035	0.00021186440678	0.000359453630482	0.0	0.0	0.00024402147389
k__Bacteria;p__Proteobacteria;c__Gammaproteobacteria;o__Alteromonadales;f__Alteromonadaceae;g__Cellvibrio	0.000137861311521	0.000638627862421	0.0	0.000775921917752	0.0	6.93337031131e-05	0.00014542281684	0.000849340128054	0.000455892409391	0.000472324723247	0.0023516917008	0.000574973520956	0.000302510839972	0.000145645208273	0.000468886060687	0.000133654103181	0.000120230843219	0.00126262626263	0.000291036088475	0.00043595146407	0.000423728813559	0.000647016534867	0.000657462195924	0.000357525920629	0.00024402147389
k__Bacteria;p__Proteobacteria;c__Gammaproteobacteria;o__Enterobacteriales;f__Enterobacteriaceae;g__Pantoea	0.000183815082027	0.000273697655323	0.000187558612066	0.000122513987014	0.0	0.000277334812452	0.00021813422526	0.000522670848033	6.51274870559e-05	2.9520295203e-05	0.00022758306782	3.02617642609e-05	0.000201673893315	0.000364113020682	0.000100475584433	0.000133654103181	0.0	0.000252525252525	0.000291036088475	0.00014531715469	0.0	0.0	0.000657462195924	0.000715051841258	0.0
k__Bacteria;p__Proteobacteria;c__Gammaproteobacteria;o__Legionellales;f__;g__	9.19075410137e-05	0.000182465103549	0.0	4.08379956712e-05	0.000689179875948	0.0	7.271140842e-05	0.000130667712008	6.51274870559e-05	0.000147601476015	7.58610226066e-05	0.000151308821304	0.000302510839972	0.000218467812409	0.000100475584433	0.000133654103181	4.00769477397e-05	0.0	0.0	0.000363292886725	0.0	0.000143781452193	0.0	0.0	0.0
k__Bacteria;p__Proteobacteria;c__Gammaproteobacteria;o__Pseudomonadales;f__Pseudomonadaceae;g__Pseudomonas	0.00464133082119	0.000912325517745	0.00793998124414	0.0129456446278	0.0013783597519	0.00526936143659	0.00588962408202	0.00823206585653	0.0022143345599	0.00315867158672	0.0542406311637	0.00360114994704	0.00665523847938	0.00436935624818	0.00529171411347	0.00407645014702	0.00148284706637	0.00353535353535	0.00291036088475	0.0066119305384	0.00338983050847	0.00136592379583	0.00262984878369	0.00321773328566	0.00292825768668
k__Bacteria;p__Proteobacteria;c__Gammaproteobacteria;o__Xanthomonadales;f__Sinobacteraceae;g__	0.0381416295207	0.0152358361463	0.027258518287	0.0252378813248	0.026533425224	0.0212854468557	0.0247218788628	0.0203841630733	0.0305122276857	0.0111586715867	0.021013503262	0.0283552731124	0.0351920943834	0.0246140401981	0.0258222251993	0.0278668805132	0.0226835524206	0.0229797979798	0.0241559953434	0.0292814066701	0.0239406779661	0.020129403307	0.0253122945431	0.031819806936	0.0231820400195
k__Bacteria;p__Proteobacteria;c__Gammaproteobacteria;o__Xanthomonadales;f__Sinobacteraceae;g__Steroidobacter	0.0530766049354	0.0172429522854	0.0384495154736	0.0380610119655	0.038938662991	0.0332108437912	0.0355558787174	0.0386776427545	0.0371877951089	0.0206642066421	0.0310271582461	0.0381600847329	0.0419481698094	0.0401252548791	0.0370419987943	0.0401630580059	0.0330634818852	0.0318181818182	0.0381257275902	0.0465014895008	0.0313559322034	0.0342199856219	0.0391190006575	0.0325348587773	0.0370912640312
k__Bacteria;p__Proteobacteria;c__Gammaproteobacteria;o__Xanthomonadales;f__Xanthomonadaceae;g__Dokdonella	9.19075410137e-05	0.000273697655323	0.000250078149422	0.000367541961041	0.000344589937974	0.0	0.00021813422526	0.000261335424017	0.00032563743528	0.000147601476015	0.0011379153391	0.000665758813739	0.000201673893315	0.000655403437227	0.000267934891821	0.000868751670676	0.000240461686438	0.000252525252525	0.00058207217695	0.000653927196106	0.000423728813559	0.000287562904385	0.0	0.000357525920629	0.000488042947779
k__Bacteria;p__Proteobacteria;c__Gammaproteobacteria;o__Xanthomonadales;f__Xanthomonadaceae;g__Lysobacter	0.0119479803318	0.00711613903841	0.0177555486089	0.0171519581819	0.00930392832529	0.0108853913888	0.00959790591144	0.0196001568013	0.0110065453124	0.0146420664207	0.00948262782582	0.0225147526101	0.0110920641323	0.0109233906204	0.0128943666689	0.0109596364608	0.0115020840013	0.0111111111111	0.00902211874272	0.0165661556347	0.0131355932203	0.0102084831057	0.00986193293886	0.0121558813014	0.00976085895559
k__Bacteria;p__Proteobacteria;c__TA18;o__CV90;f__;g__	0.000459537705069	0.000547395310647	0.000375117224133	0.000204189978356	0.0	0.000277334812452	0.00014542281684	0.000196001568013	9.76912305839e-05	5.90405904059e-05	7.58610226066e-05	0.000151308821304	0.000403347786629	0.000145645208273	0.000234443030344	0.000200481154771	0.000160307790959	0.0	0.0	7.26585773451e-05	0.0	7.18907260963e-05	0.0	0.0	0.0
k__Bacteria;p__SBR1093;c__;o__;f__;g__	0.000275722623041	9.12325517745e-05	0.000875273522976	0.000285865969698	0.000344589937974	0.000138667406226	0.00029084563368	0.00078400627205	0.00016281871764	5.90405904059e-05	0.0	0.000181570585565	0.000403347786629	0.000291290416545	0.000301426753299	0.000133654103181	0.000200384738698	0.000505050505051	0.00058207217695	0.00043595146407	0.00021186440678	0.000359453630482	0.000328731097962	0.0	0.000732064421669
k__Bacteria;p__Spirochaetes;c__[Leptospirae];o__[Leptospirales];f__Leptospiraceae;g__Turneriella	0.000183815082027	0.000182465103549	0.0	0.000163351982685	0.000344589937974	0.000138667406226	0.00014542281684	0.000196001568013	0.0	0.000206642066421	0.00022758306782	0.000211832349826	0.0	0.000218467812409	0.000100475584433	0.000133654103181	0.0	0.0	0.000291036088475	0.000217975732035	0.0	0.000503235082674	0.0	0.0	0.00024402147389
k__Bacteria;p__TM7;c__SC3;o__;f__;g__	0.000275722623041	0.0	0.0	0.000204189978356	0.000689179875948	0.000624003328018	0.00021813422526	0.00672938716843	0.000976912305839	2.9520295203e-05	0.0	0.000453926463913	0.000907532519915	0.00269443635304	0.00056936164512	0.000334135257952	0.000120230843219	0.000252525252525	0.0011641443539	0.0	0.000847457627119	7.18907260963e-05	0.00164365548981	0.00214515552378	0.0
k__Bacteria;p__TM7;c__TM7-1;o__;f__;g__	0.0105234134461	0.00082109296597	0.00912785245389	0.00383877159309	0.00379048931771	0.00589336476461	0.00894350323566	0.00607604860839	0.01393728223	0.00079704797048	0.00614474283113	0.00484188228174	0.0132096400121	0.00247596854064	0.00388505593141	0.00441058540497	0.00380731003527	0.00328282828283	0.00203725261932	0.0220155489356	0.00296610169492	0.00539180445723	0.00262984878369	0.00286020736503	0.00195217179112
k__Bacteria;p__Verrucomicrobia;c__Verrucomicrobiae;o__Verrucomicrobiales;f__Verrucomicrobiaceae;g__	0.000413583934562	9.12325517745e-05	0.000250078149422	8.16759913423e-05	0.0	0.000208001109339	0.0003635570421	0.000130667712008	0.000195382461168	2.9520295203e-05	0.0	0.000181570585565	0.000201673893315	0.000509758228954	0.000133967445911	0.0	0.000120230843219	0.0	0.0	7.26585773451e-05	0.0	0.000143781452193	0.0	0.000357525920629	0.0
k__Bacteria;p__Verrucomicrobia;c__[Pedosphaerae];o__[Pedosphaerales];f__;g__	0.00105693672166	0.000547395310647	0.000250078149422	0.00069424592641	0.0	0.000485335921792	0.00079982549262	0.000653338560042	0.000390764922335	0.000354243542435	0.000682749203459	0.000877591163565	0.00121004335989	0.0008010486455	0.000636345368076	0.000534616412724	0.000360692529657	0.0	0.000291036088475	0.000726585773451	0.000847457627119	0.000647016534867	0.000328731097962	0.000357525920629	0.00024402147389
k__Bacteria;p__Verrucomicrobia;c__[Pedosphaerae];o__[Pedosphaerales];f__Ellin517;g__	0.00243554983686	0.000729860414196	0.00143794935917	0.00106178788745	0.0013783597519	0.0010400055467	0.00116338253472	0.00078400627205	0.000618711127031	0.000472324723247	0.00128963738431	0.001392041156	0.000907532519915	0.00109233906204	0.00147364190502	0.000668270515905	0.000881692850273	0.000505050505051	0.000873108265425	0.00159848870159	0.000423728813559	0.00107836089145	0.000657462195924	0.000715051841258	0.00024402147389
k__Bacteria;p__Verrucomicrobia;c__[Spartobacteria];o__[Chthoniobacterales];f__01D2Z36;g__	0.000137861311521	9.12325517745e-05	0.000187558612066	0.0	0.0	0.000138667406226	0.00014542281684	0.000130667712008	0.000227946204696	0.0	0.000682749203459	0.000151308821304	0.000302510839972	0.0	0.000100475584433	0.0	8.01538954793e-05	0.0	0.0	0.000217975732035	0.0	7.18907260963e-05	0.0	0.0	0.0
k__Bacteria;p__Verrucomicrobia;c__[Spartobacteria];o__[Chthoniobacterales];f__[Chthoniobacteraceae];g__OR-59	0.000413583934562	0.000273697655323	0.000312597686777	0.000326703965369	0.000344589937974	0.000416002218678	0.0003635570421	0.000392003136025	0.000195382461168	0.000265682656827	0.000303444090426	0.000484188228174	0.000504184733286	0.000218467812409	0.000401902337732	0.000267308206362	4.00769477397e-05	0.000252525252525	0.0	0.000363292886725	0.00021186440678	0.000359453630482	0.0	0.000357525920629	0.00024402147389