ID	KO4	KO6	KO5	KO3	WT8	KO9	WT9	KO1	WT6	KO2	WT2	KO7	WT7	OE5	OE2	WT3	WT1	OE1	WT4	OE4	KO8	WT5	OE7	OE6	OE8	OE9	OE3
1,1,1-Trichloro-2,2-bis(4-chlorophenyl)ethane (DDT) degradation	7592.0	4243.0	6558.0	6687.0	3923.0	8519.0	3595.0	4058.0	2455.0	3641.0	2108.0	6868.0	2535.0	1319.0	1002.0	2208.0	2760.0	1050.0	3386.0	784.0	6662.0	2759.0	1780.0	1424.0	868.0	1458.0	809.0
ABC transporters	3016942.0	2108175.0	2582465.0	2717414.0	1098990.0	3510320.0	1279070.0	1386078.0	1180618.0	1539469.0	1208095.0	3107374.0	1248772.0	442720.0	360802.0	987376.0	1251761.0	369917.0	1497513.0	257709.0	2618259.0	1325169.0	595225.0	478006.0	346537.0	494995.0	274704.0
Adherens junction	142.0	154.0	123.0	119.0	53.0	131.0	76.0	75.0	61.0	101.0	71.0	158.0	71.0	16.0	8.0	73.0	76.0	10.0	65.0	9.0	128.0	93.0	17.0	15.0	13.0	19.0	11.0
Adipocytokine signaling pathway	90482.0	65434.0	76865.0	76383.0	31514.0	107102.0	38577.0	42344.0	33684.0	48244.0	35649.0	94182.0	37484.0	13587.0	11238.0	29547.0	36051.0	11507.0	44223.0	7853.0	83121.0	39880.0	18019.0	14681.0	10769.0	15060.0	8304.0
African trypanosomiasis	15284.0	10342.0	13778.0	13364.0	6369.0	18349.0	6331.0	7396.0	6382.0	7845.0	5512.0	16261.0	5984.0	2537.0	1978.0	4891.0	5523.0	2045.0	7517.0	1459.0	14187.0	5901.0	3443.0	2701.0	1866.0	2767.0	1598.0
Alanine, aspartate and glutamate metabolism	680022.0	483127.0	581160.0	651151.0	259170.0	791090.0	304355.0	318363.0	270257.0	358113.0	280321.0	703756.0	287364.0	98785.0	80025.0	227208.0	293401.0	82415.0	344410.0	58018.0	600250.0	305749.0	131958.0	107173.0	76280.0	110635.0	60341.0
Aldosterone-regulated sodium reabsorption	85.0	41.0	45.0	34.0	10.0	103.0	17.0	20.0	13.0	26.0	21.0	30.0	26.0	3.0	4.0	13.0	20.0	7.0	11.0	3.0	83.0	37.0	9.0	7.0	9.0	6.0	5.0
Alzheimer's disease	85944.0	58346.0	76213.0	73664.0	34930.0	102737.0	36998.0	41935.0	32585.0	43397.0	30057.0	88642.0	33907.0	13564.0	10732.0	27885.0	32908.0	11092.0	42050.0	7953.0	75472.0	34905.0	18467.0	14598.0	9921.0	15142.0	8444.0
Amino acid metabolism	218212.0	148475.0	186936.0	211762.0	87820.0	254201.0	99748.0	104284.0	84290.0	112141.0	85616.0	222117.0	88572.0	32273.0	26096.0	72080.0	93239.0	26741.0	108827.0	18883.0	193239.0	96214.0	43402.0	35053.0	24437.0	35895.0	19949.0
Amino acid related enzymes	929584.0	651269.0	796698.0	886309.0	365236.0	1076967.0	417584.0	440141.0	366326.0	483973.0	373192.0	954716.0	386954.0	136314.0	109445.0	308425.0	397403.0	112961.0	467154.0	80178.0	810615.0	411596.0	182584.0	147737.0	103481.0	152863.0	83357.0
Amino sugar and nucleotide sugar metabolism	659863.0	480290.0	555153.0	696612.0	257724.0	752785.0	313129.0	309352.0	270882.0	355794.0	290203.0	678027.0	289501.0	90480.0	74085.0	223970.0	308161.0	76184.0	341979.0	54114.0	580143.0	314305.0	120335.0	99564.0	71324.0	102878.0	55014.0
Aminoacyl-tRNA biosynthesis	664516.0	474744.0	563906.0	650643.0	256183.0	766825.0	303080.0	309397.0	264570.0	348724.0	280388.0	684106.0	283654.0	94468.0	76170.0	223582.0	295797.0	78727.0	338216.0	55718.0	573973.0	304470.0	125770.0	102746.0	72987.0	106883.0	57204.0
Aminobenzoate degradation	485766.0	339700.0	411592.0	368507.0	160718.0	580961.0	201494.0	221409.0	175622.0	248229.0	182942.0	492720.0	195628.0	72794.0	60315.0	155491.0	183238.0	61487.0	230800.0	41843.0	433113.0	205879.0	97996.0	79133.0	58322.0	80177.0	44219.0
Amoebiasis	19982.0	13845.0	17022.0	20098.0	8069.0	23350.0	9378.0	9202.0	7891.0	10127.0	8544.0	20887.0	8418.0	2834.0	2297.0	6642.0	8946.0	2415.0	9947.0	1693.0	17199.0	9124.0	3868.0	3201.0	2233.0	3191.0	1768.0
Amyotrophic lateral sclerosis (ALS)	22818.0	18738.0	20212.0	18723.0	6503.0	28139.0	9922.0	10313.0	9429.0	12750.0	9737.0	24599.0	10666.0	2914.0	2482.0	8086.0	9397.0	2497.0	12012.0	1716.0	20473.0	10647.0	3868.0	3238.0	2552.0	3244.0	1735.0
Antigen processing and presentation	18480.0	12516.0	15748.0	19420.0	7886.0	21009.0	8830.0	8877.0	7453.0	9290.0	7358.0	18544.0	7638.0	2674.0	2140.0	6081.0	8273.0	2227.0	9110.0	1597.0	15677.0	8434.0	3647.0	2952.0	1997.0	2999.0	1669.0
Apoptosis	7198.0	6161.0	6710.0	5913.0	2199.0	9131.0	3117.0	3065.0	3303.0	3803.0	3155.0	8532.0	3395.0	897.0	758.0	2634.0	3082.0	758.0	4053.0	546.0	6261.0	3243.0	1229.0	971.0	821.0	1042.0	557.0
Arachidonic acid metabolism	73654.0	51432.0	63942.0	69999.0	29540.0	87612.0	32832.0	35468.0	29336.0	37967.0	28437.0	76373.0	30107.0	11091.0	8960.0	24153.0	30529.0	9269.0	36716.0	6617.0	65146.0	31501.0	15047.0	12117.0	8355.0	12466.0	6923.0
Arginine and proline metabolism	973814.0	692889.0	830513.0	929134.0	367088.0	1134301.0	438216.0	453881.0	388659.0	509965.0	402388.0	1001352.0	412637.0	139446.0	113443.0	324828.0	423018.0	116624.0	491828.0	82017.0	854773.0	440802.0	186684.0	152115.0	109240.0	156844.0	85273.0
Arrhythmogenic right ventricular cardiomyopathy (ARVC)	142.0	154.0	123.0	119.0	53.0	131.0	76.0	75.0	61.0	101.0	71.0	158.0	71.0	16.0	8.0	73.0	76.0	10.0	65.0	9.0	128.0	93.0	17.0	15.0	13.0	19.0	11.0
Ascorbate and aldarate metabolism	147469.0	103014.0	123925.0	130293.0	53577.0	174587.0	65701.0	69131.0	57055.0	76501.0	56682.0	146911.0	61305.0	21334.0	17780.0	47696.0	59928.0	17956.0	72090.0	12720.0	131301.0	63826.0	28693.0	23732.0	17018.0	23883.0	13236.0
Atrazine degradation	78689.0	50437.0	67262.0	72930.0	31323.0	91157.0	34493.0	37326.0	29762.0	38464.0	28774.0	79280.0	30154.0	12326.0	9937.0	24929.0	31318.0	10145.0	37455.0	7033.0	69837.0	33538.0	16724.0	13339.0	9308.0	13479.0	7794.0
Bacterial chemotaxis	522345.0	347805.0	469992.0	460868.0	212829.0	630260.0	219713.0	250113.0	212445.0	259450.0	181466.0	550444.0	202596.0	84597.0	66927.0	167815.0	191458.0	68951.0	261460.0	49234.0	460423.0	202264.0	115107.0	90756.0	61573.0	93000.0	53909.0
Bacterial invasion of epithelial cells	1897.0	1076.0	1356.0	5655.0	1251.0	1388.0	1481.0	769.0	1244.0	882.0	1676.0	2142.0	997.0	84.0	73.0	816.0	2128.0	79.0	1291.0	56.0	1186.0	1752.0	121.0	107.0	75.0	123.0	54.0
Bacterial motility proteins	1487282.0	975000.0	1329328.0	1391972.0	620767.0	1774357.0	634232.0	715932.0	598204.0	737034.0	529690.0	1559823.0	575998.0	241624.0	190507.0	479676.0	573418.0	196854.0	743021.0	140418.0	1306960.0	594530.0	328609.0	257762.0	173829.0	266020.0	153208.0
Bacterial secretion system	631022.0	431408.0	559232.0	585199.0	254666.0	761962.0	275068.0	302403.0	254537.0	319018.0	234007.0	664208.0	256235.0	98624.0	78951.0	206314.0	251243.0	81538.0	315442.0	58190.0	555839.0	263019.0	134598.0	107003.0	73448.0	109809.0	62257.0
Bacterial toxins	64412.0	45533.0	54646.0	63752.0	25368.0	75072.0	29840.0	30768.0	25801.0	34466.0	26028.0	65200.0	27394.0	9309.0	7620.0	21056.0	27845.0	7839.0	32363.0	5597.0	57552.0	29138.0	12397.0	10252.0	7219.0	10520.0	5720.0
Basal transcription factors	5951.0	4689.0	5003.0	4730.0	1451.0	7298.0	2360.0	2577.0	2216.0	3852.0	3227.0	5691.0	2873.0	835.0	731.0	2056.0	2228.0	701.0	3464.0	473.0	5626.0	2483.0	1086.0	912.0	721.0	868.0	510.0
Base excision repair	354464.0	253416.0	301135.0	321480.0	130476.0	411909.0	155896.0	165221.0	135501.0	187762.0	144164.0	362804.0	149374.0	51798.0	42131.0	117268.0	148636.0	43437.0	175989.0	30356.0	315112.0	159463.0	68711.0	56312.0	40336.0	57875.0	31249.0
Benzoate degradation	621024.0	426970.0	531684.0	458944.0	214854.0	742851.0	253782.0	288117.0	220050.0	314958.0	223670.0	626107.0	244897.0	96452.0	78806.0	196711.0	226566.0	80940.0	291704.0	55463.0	554901.0	254943.0	129812.0	104186.0	75104.0	106076.0	59048.0
Betalain biosynthesis	3750.0	3160.0	3290.0	3606.0	1159.0	4798.0	1778.0	1892.0	1708.0	2283.0	1535.0	4213.0	1636.0	534.0	481.0	1293.0	1477.0	432.0	1943.0	314.0	3969.0	1649.0	739.0	593.0	468.0	563.0	346.0
Bile secretion	2651.0	1952.0	2076.0	1445.0	432.0	3081.0	1022.0	1088.0	776.0	1424.0	956.0	2386.0	1151.0	316.0	291.0	808.0	901.0	292.0	1109.0	176.0	2440.0	1271.0	401.0	364.0	321.0	332.0	179.0
Biosynthesis and biodegradation of secondary metabolites	71274.0	48773.0	60632.0	65254.0	25833.0	85213.0	31210.0	32835.0	28347.0	35947.0	27339.0	72240.0	29031.0	10468.0	8680.0	22895.0	28602.0	8857.0	34487.0	6142.0	63603.0	31131.0	14213.0	11551.0	8317.0	11496.0	6649.0
Biosynthesis of 12-, 14- and 16-membered macrolides	3714.0	2683.0	2697.0	1505.0	495.0	4211.0	1497.0	1487.0	975.0	1762.0	1354.0	2876.0	1521.0	448.0	443.0	1176.0	1161.0	428.0	1434.0	257.0	3188.0	1718.0	586.0	570.0	455.0	464.0	272.0
Biosynthesis of ansamycins	56256.0	38545.0	47923.0	50340.0	22109.0	66593.0	25298.0	27146.0	21251.0	29126.0	20929.0	56474.0	22862.0	8575.0	6952.0	18226.0	22387.0	7145.0	27445.0	5105.0	50331.0	23908.0	11593.0	9471.0	6558.0	9608.0	5379.0
Biosynthesis of siderophore group nonribosomal peptides	41587.0	30316.0	34719.0	33978.0	12575.0	49274.0	17132.0	17811.0	16602.0	21221.0	17686.0	43305.0	17530.0	5628.0	4674.0	13650.0	16707.0	4820.0	20179.0	3212.0	35766.0	18621.0	7521.0	6188.0	4746.0	6167.0	3370.0
Biosynthesis of type II polyketide backbone	4024.0	3323.0	2917.0	2800.0	745.0	3997.0	1253.0	2163.0	1010.0	2545.0	1549.0	3870.0	1838.0	504.0	481.0	1099.0	1356.0	514.0	1487.0	306.0	4331.0	2012.0	744.0	609.0	463.0	576.0	364.0
Biosynthesis of type II polyketide products	1210.0	870.0	943.0	660.0	179.0	1558.0	481.0	511.0	509.0	644.0	381.0	1189.0	515.0	161.0	139.0	296.0	390.0	138.0	423.0	80.0	1170.0	619.0	198.0	183.0	167.0	178.0	96.0
Biosynthesis of unsaturated fatty acids	228298.0	163929.0	192867.0	200552.0	80526.0	266281.0	100984.0	105605.0	89214.0	120321.0	92192.0	233010.0	96731.0	32191.0	26612.0	75310.0	95146.0	27162.0	113114.0	18934.0	200585.0	102729.0	42877.0	35404.0	25649.0	36065.0	19517.0
Biosynthesis of vancomycin group antibiotics	33522.0	25093.0	28277.0	36232.0	13136.0	38924.0	16233.0	15484.0	13828.0	18049.0	15403.0	35136.0	15282.0	4458.0	3637.0	11635.0	16281.0	3791.0	17564.0	2701.0	28866.0	16356.0	6006.0	4938.0	3554.0	5097.0	2703.0
Biotin metabolism	107085.0	74543.0	92076.0	107079.0	41359.0	124972.0	48810.0	49693.0	43484.0	55241.0	44437.0	111682.0	44922.0	15307.0	12379.0	35750.0	46840.0	12738.0	54445.0	8951.0	92611.0	48698.0	20534.0	16644.0	11770.0	16949.0	9418.0
Bisphenol degradation	120335.0	88461.0	98702.0	85874.0	33317.0	141952.0	49899.0	52458.0	43238.0	62906.0	48552.0	120690.0	50507.0	16489.0	14062.0	39169.0	46279.0	14177.0	56863.0	9371.0	106553.0	53905.0	21853.0	18172.0	14169.0	18099.0	9658.0
Bladder cancer	5880.0	4883.0	5187.0	5017.0	1489.0	7416.0	2246.0	2599.0	2230.0	3492.0	2593.0	6196.0	2729.0	853.0	752.0	2068.0	2317.0	751.0	3014.0	505.0	6000.0	2719.0	1112.0	917.0	755.0	911.0	533.0
Butanoate metabolism	981062.0	689940.0	842363.0	786210.0	347972.0	1169388.0	413210.0	457439.0	358664.0	509974.0	369970.0	1002355.0	398778.0	149022.0	121741.0	317588.0	378110.0	125438.0	474816.0	86834.0	878999.0	414977.0	200061.0	161485.0	116139.0	165454.0	91195.0
Butirosin and neomycin biosynthesis	35861.0	26802.0	29305.0	38397.0	13691.0	40082.0	17513.0	16762.0	14256.0	19806.0	16450.0	35751.0	16354.0	4744.0	3927.0	12231.0	17497.0	4049.0	18579.0	2875.0	31755.0	17881.0	6234.0	5313.0	3857.0	5468.0	2822.0
C5-Branched dibasic acid metabolism	231205.0	165680.0	197481.0	210578.0	87361.0	271532.0	102822.0	108315.0	89468.0	121385.0	94083.0	237616.0	97353.0	33822.0	27208.0	77052.0	97971.0	28142.0	116025.0	19868.0	202003.0	101871.0	45208.0	36646.0	26179.0	38227.0	20495.0
CAM ligands	172.0	195.0	167.0	82.0	23.0	235.0	66.0	77.0	51.0	147.0	141.0	171.0	123.0	25.0	22.0	65.0	67.0	30.0	114.0	14.0	139.0	86.0	42.0	36.0	21.0	24.0	17.0
Caffeine metabolism	2771.0	2220.0	2250.0	1743.0	493.0	3338.0	1147.0	1256.0	898.0	1739.0	1111.0	2807.0	1309.0	381.0	335.0	913.0	1062.0	323.0	1347.0	198.0	2826.0	1336.0	455.0	395.0	356.0	396.0	210.0
Calcium signaling pathway	1755.0	907.0	1184.0	5518.0	1203.0	1252.0	1398.0	699.0	1176.0	776.0	1599.0	1987.0	926.0	70.0	68.0	737.0	2041.0	70.0	1215.0	45.0	1060.0	1648.0	106.0	96.0	63.0	108.0	47.0
Caprolactam degradation	253581.0	182693.0	214730.0	179033.0	78824.0	304749.0	103656.0	113713.0	91079.0	131899.0	97100.0	259809.0	103862.0	37449.0	31092.0	82113.0	94376.0	31880.0	121121.0	21477.0	227068.0	107830.0	49848.0	40566.0	30404.0	41313.0	22347.0
Carbohydrate digestion and absorption	6391.0	4669.0	5512.0	10861.0	2888.0	7360.0	3499.0	2963.0	3303.0	3455.0	3680.0	7085.0	3045.0	773.0	658.0	2325.0	3852.0	696.0	3680.0	482.0	5802.0	3707.0	1090.0	905.0	652.0	836.0	539.0
Carbohydrate metabolism	74921.0	56494.0	60251.0	92629.0	27897.0	80655.0	37530.0	33687.0	32171.0	41609.0	39081.0	77528.0	35385.0	8695.0	7353.0	26390.0	41424.0	7636.0	40010.0	5178.0	64850.0	41661.0	11384.0	9753.0	7429.0	10074.0	5126.0
Carbon fixation in photosynthetic organisms	423097.0	284819.0	361317.0	429739.0	178050.0	483307.0	196285.0	201866.0	165545.0	215287.0	170051.0	431319.0	173035.0	62217.0	49560.0	139844.0	188732.0	51430.0	212010.0	36737.0	362389.0	191151.0	83983.0	67546.0	46300.0	70108.0	38170.0
Carbon fixation pathways in prokaryotes	841299.0	598016.0	722285.0	745791.0	319320.0	988478.0	372328.0	398174.0	320349.0	443060.0	330786.0	862904.0	349869.0	124784.0	100636.0	277762.0	346529.0	104153.0	417961.0	73164.0	743011.0	367173.0	167179.0	135207.0	95839.0	140194.0	76024.0
Cardiac muscle contraction	47955.0	30753.0	42855.0	38683.0	20007.0	57845.0	20008.0	23586.0	17588.0	23234.0	14995.0	48772.0	17911.0	7998.0	6277.0	15073.0	16814.0	6506.0	22652.0	4677.0	41711.0	18253.0	10953.0	8609.0	5661.0	8863.0	5051.0
Carotenoid biosynthesis	46950.0	32937.0	36918.0	70308.0	21022.0	48343.0	26365.0	21046.0	21954.0	24154.0	26238.0	51073.0	21775.0	4931.0	4156.0	16951.0	29757.0	4253.0	25757.0	3026.0	37336.0	28098.0	6667.0	5671.0	4088.0	5922.0	2962.0
Cell cycle	49.0	50.0	55.0	42.0	8.0	78.0	30.0	26.0	12.0	79.0	78.0	23.0	49.0	3.0	4.0	29.0	22.0	2.0	77.0	2.0	43.0	14.0	5.0	5.0	3.0	2.0	2.0
Cell cycle - Caulobacter	356206.0	249701.0	308829.0	350449.0	143504.0	414947.0	161757.0	168054.0	141966.0	182983.0	144549.0	372784.0	149027.0	51591.0	41176.0	119969.0	156438.0	42792.0	181291.0	30444.0	307104.0	160601.0	69522.0	55820.0	39007.0	58299.0	31590.0
Cell cycle - yeast	0.0	0.0	0.0	0.0	0.0	0.0	0.0	0.0	0.0	0.0	0.0	0.0	0.0	0.0	0.0	0.0	0.0	0.0	0.0	0.0	0.0	0.0	0.0	0.0	0.0	0.0	0.0
Cell division	70441.0	46515.0	61640.0	65519.0	29599.0	82629.0	31067.0	34133.0	27038.0	35002.0	25377.0	71950.0	27661.0	11008.0	8674.0	22824.0	28382.0	8999.0	34408.0	6451.0	60724.0	29450.0	14909.0	11850.0	7956.0	12271.0	6830.0
Cell motility and secretion	237944.0	156318.0	207171.0	223531.0	99941.0	276875.0	105227.0	113992.0	95066.0	116655.0	87325.0	246397.0	93339.0	36678.0	28928.0	77212.0	96516.0	29958.0	116575.0	21483.0	202237.0	99606.0	49819.0	39543.0	26495.0	40783.0	22867.0
Cellular antigens	66705.0	46787.0	57316.0	64034.0	26172.0	79220.0	30153.0	31756.0	26824.0	34562.0	26388.0	68960.0	27681.0	9793.0	7994.0	21868.0	28007.0	8233.0	33336.0	5857.0	59117.0	28980.0	13303.0	10798.0	7575.0	11038.0	6130.0
Chagas disease (American trypanosomiasis)	6657.0	5580.0	6067.0	6126.0	2174.0	8232.0	2769.0	2960.0	3197.0	3879.0	3147.0	7631.0	3244.0	893.0	700.0	2392.0	2787.0	734.0	3625.0	506.0	6194.0	3040.0	1178.0	942.0	754.0	994.0	524.0
Chaperones and folding catalysts	764518.0	518092.0	660226.0	774446.0	321045.0	886931.0	352133.0	367351.0	305606.0	390962.0	300927.0	784611.0	313492.0	114254.0	91059.0	252067.0	332922.0	94511.0	383845.0	67663.0	662750.0	338937.0	154327.0	124193.0	84639.0	128196.0	70777.0
Chloroalkane and chloroalkene degradation	269478.0	185615.0	229273.0	231944.0	98501.0	316426.0	118607.0	124978.0	100973.0	137600.0	103632.0	271352.0	109459.0	39430.0	32437.0	87555.0	109865.0	32992.0	131126.0	23093.0	235242.0	117653.0	53305.0	43248.0	31139.0	44081.0	24156.0
Chlorocyclohexane and chlorobenzene degradation	147177.0	93945.0	125586.0	115356.0	56296.0	172210.0	62991.0	68896.0	52098.0	70413.0	50581.0	144341.0	55122.0	22710.0	18280.0	45779.0	55518.0	18764.0	68081.0	12973.0	125524.0	60363.0	30845.0	24699.0	17309.0	25250.0	13859.0
Cholinergic synapse	0.0	0.0	0.0	0.0	0.0	0.0	0.0	0.0	0.0	0.0	0.0	0.0	0.0	0.0	0.0	0.0	0.0	0.0	0.0	0.0	0.0	0.0	0.0	0.0	0.0	0.0	0.0
Chromosome	976747.0	666289.0	840654.0	984655.0	401057.0	1130844.0	445384.0	465638.0	390158.0	499003.0	389174.0	1003272.0	402256.0	144390.0	115544.0	323281.0	426718.0	119624.0	491975.0	85267.0	843771.0	436178.0	195164.0	156812.0	108009.0	162316.0	89450.0
Chronic myeloid leukemia	43.0	43.0	34.0	29.0	14.0	49.0	17.0	17.0	23.0	40.0	44.0	62.0	26.0	6.0	3.0	20.0	33.0	2.0	30.0	2.0	34.0	18.0	3.0	3.0	2.0	5.0	0.0
Circadian rhythm - plant	5106.0	4628.0	4142.0	4853.0	1710.0	5502.0	2411.0	2497.0	1958.0	3434.0	2622.0	5556.0	2610.0	604.0	520.0	1834.0	2446.0	542.0	2761.0	401.0	4976.0	2604.0	761.0	683.0	499.0	695.0	323.0
Citrate cycle (TCA cycle)	603665.0	435764.0	517840.0	518209.0	220990.0	713301.0	262572.0	284447.0	226965.0	321564.0	237581.0	618164.0	253957.0	89861.0	72904.0	199765.0	245043.0	75176.0	299847.0	52751.0	539522.0	262722.0	119871.0	97440.0	69706.0	100618.0	54579.0
Clavulanic acid biosynthesis	528.0	549.0	426.0	455.0	117.0	618.0	197.0	292.0	190.0	406.0	262.0	685.0	278.0	99.0	81.0	201.0	213.0	75.0	292.0	47.0	765.0	279.0	108.0	79.0	77.0	102.0	52.0
Colorectal cancer	5527.0	5114.0	5212.0	3703.0	1444.0	7031.0	2367.0	2299.0	2322.0	2974.0	2561.0	6472.0	2801.0	585.0	492.0	2126.0	2504.0	509.0	3169.0	346.0	4520.0	2689.0	809.0	632.0	581.0	725.0	320.0
Complement and coagulation cascades	0.0	0.0	0.0	0.0	0.0	0.0	0.0	0.0	0.0	0.0	0.0	0.0	0.0	0.0	0.0	1.0	0.0	0.0	0.0	0.0	0.0	0.0	0.0	0.0	0.0	0.0	0.0
Cyanoamino acid metabolism	196097.0	138333.0	166280.0	182576.0	73820.0	227417.0	87299.0	92069.0	76699.0	102401.0	79245.0	201180.0	81737.0	28252.0	23074.0	64252.0	83601.0	23796.0	97329.0	16645.0	172551.0	88314.0	37911.0	30965.0	22113.0	31887.0	17233.0
Cysteine and methionine metabolism	573610.0	410410.0	491925.0	550177.0	219722.0	668594.0	258942.0	269388.0	227645.0	301144.0	235423.0	593812.0	242529.0	82495.0	66852.0	191964.0	247961.0	68953.0	290342.0	48750.0	500997.0	258503.0	110616.0	89849.0	63759.0	92635.0	50404.0
Cytochrome P450	1018.0	895.0	728.0	1002.0	250.0	994.0	368.0	727.0	284.0	825.0	342.0	1028.0	435.0	132.0	134.0	333.0	397.0	102.0	472.0	78.0	1374.0	495.0	188.0	136.0	110.0	149.0	89.0
Cytokine receptors	0.0	0.0	0.0	0.0	0.0	0.0	0.0	0.0	0.0	0.0	0.0	0.0	0.0	0.0	0.0	0.0	0.0	0.0	0.0	0.0	0.0	0.0	0.0	0.0	0.0	0.0	0.0
Cytokine-cytokine receptor interaction	0.0	0.0	0.0	0.0	0.0	0.0	0.0	0.0	0.0	0.0	0.0	0.0	0.0	0.0	0.0	0.0	0.0	0.0	0.0	0.0	0.0	0.0	0.0	0.0	0.0	0.0	0.0
Cytoskeleton proteins	194072.0	130813.0	167275.0	202714.0	82213.0	223749.0	89079.0	93603.0	76758.0	98939.0	78323.0	200960.0	79106.0	29069.0	23115.0	64395.0	87017.0	23961.0	98264.0	17072.0	169136.0	87493.0	39502.0	31294.0	21496.0	32632.0	18040.0
Cytosolic DNA-sensing pathway	43.0	46.0	48.0	35.0	6.0	69.0	25.0	23.0	10.0	64.0	68.0	18.0	36.0	3.0	4.0	25.0	17.0	2.0	60.0	1.0	37.0	11.0	4.0	5.0	2.0	2.0	2.0
D-Alanine metabolism	66212.0	47473.0	56505.0	60538.0	24968.0	76668.0	29417.0	30592.0	25975.0	34532.0	27105.0	68904.0	28110.0	9611.0	7734.0	22190.0	28193.0	8036.0	33146.0	5667.0	57711.0	29830.0	12770.0	10434.0	7435.0	10847.0	5821.0
D-Arginine and D-ornithine metabolism	14583.0	9875.0	12379.0	10932.0	5590.0	17081.0	6288.0	7081.0	5052.0	7184.0	4778.0	14745.0	5583.0	2279.0	1841.0	4616.0	5301.0	1893.0	6698.0	1343.0	12656.0	5931.0	3061.0	2482.0	1682.0	2563.0	1399.0
D-Glutamine and D-glutamate metabolism	90521.0	61866.0	77339.0	91082.0	37514.0	104549.0	41718.0	43326.0	36228.0	46820.0	36433.0	92478.0	37381.0	13271.0	10643.0	29869.0	39761.0	10994.0	45712.0	7879.0	78848.0	40113.0	17866.0	14477.0	9961.0	14950.0	8188.0
DNA repair and recombination proteins	1778999.0	1245347.0	1519316.0	1733865.0	703044.0	2053860.0	807389.0	839719.0	700553.0	926998.0	725207.0	1824342.0	743979.0	259270.0	208219.0	591673.0	775330.0	215677.0	893549.0	152670.0	1551000.0	803178.0	346446.0	281685.0	197378.0	291501.0	157823.0
DNA replication	376609.0	260138.0	323303.0	357932.0	152737.0	435019.0	170553.0	180280.0	145192.0	195124.0	148050.0	381934.0	154763.0	56167.0	44762.0	124515.0	160308.0	46378.0	187640.0	33086.0	328303.0	165730.0	75213.0	60870.0	42034.0	63114.0	34208.0
DNA replication proteins	624516.0	431886.0	535996.0	610292.0	253969.0	720081.0	284905.0	297974.0	244949.0	322939.0	249397.0	635835.0	258439.0	92004.0	73395.0	207616.0	270589.0	76003.0	313603.0	54248.0	540761.0	277928.0	123475.0	99815.0	68918.0	103436.0	56188.0
Dilated cardiomyopathy (DCM)	142.0	154.0	123.0	119.0	53.0	131.0	76.0	75.0	61.0	101.0	71.0	158.0	71.0	16.0	8.0	73.0	76.0	10.0	65.0	9.0	128.0	93.0	17.0	15.0	13.0	19.0	11.0
Dioxin degradation	115832.0	70817.0	100305.0	90574.0	47481.0	134906.0	48108.0	55820.0	38727.0	54728.0	37208.0	112457.0	41432.0	19249.0	15196.0	35227.0	41290.0	15804.0	52244.0	11018.0	101329.0	44989.0	26306.0	20637.0	13919.0	21050.0	11987.0
Drug metabolism - cytochrome P450	199784.0	136586.0	172588.0	191848.0	77572.0	235936.0	89128.0	93204.0	80210.0	100183.0	79418.0	209324.0	82028.0	29048.0	23707.0	65830.0	85373.0	24339.0	99804.0	17122.0	173162.0	88634.0	39640.0	31845.0	22520.0	32523.0	18094.0
Drug metabolism - other enzymes	125905.0	97037.0	106691.0	116979.0	43313.0	147265.0	56702.0	57916.0	50228.0	70661.0	55310.0	129792.0	56582.0	17258.0	14300.0	43248.0	55011.0	14637.0	65364.0	10210.0	114616.0	58700.0	22441.0	18835.0	14115.0	19385.0	10247.0
ECM-receptor interaction	172.0	195.0	167.0	82.0	23.0	235.0	66.0	77.0	51.0	147.0	141.0	171.0	123.0	25.0	22.0	64.0	67.0	30.0	114.0	14.0	139.0	86.0	42.0	36.0	21.0	24.0	17.0
Electron transfer carriers	20369.0	14635.0	17408.0	17766.0	7109.0	23478.0	8814.0	9221.0	7357.0	10707.0	8715.0	20829.0	8549.0	2921.0	2373.0	6940.0	8904.0	2475.0	10381.0	1655.0	17976.0	9496.0	3907.0	3092.0	2332.0	3236.0	1733.0
Endocrine and other factor-regulated calcium reabsorption	0.0	0.0	0.0	0.0	0.0	1.0	0.0	0.0	1.0	0.0	1.0	0.0	0.0	0.0	0.0	0.0	1.0	0.0	1.0	0.0	0.0	0.0	0.0	0.0	0.0	0.0	0.0
Endocytosis	108.0	71.0	62.0	45.0	9.0	99.0	24.0	24.0	28.0	56.0	83.0	98.0	41.0	16.0	13.0	28.0	36.0	13.0	41.0	6.0	92.0	38.0	24.0	13.0	12.0	12.0	5.0
Energy metabolism	709638.0	495023.0	612111.0	617800.0	271725.0	844659.0	313297.0	335671.0	272019.0	363973.0	269575.0	730417.0	289347.0	107815.0	86988.0	232504.0	284747.0	90028.0	346954.0	63133.0	622400.0	303578.0	145337.0	117201.0	82358.0	120638.0	66486.0
Epithelial cell signaling in Helicobacter pylori infection	32050.0	20762.0	27739.0	33550.0	13570.0	36496.0	14614.0	15395.0	12870.0	15732.0	12547.0	33114.0	12598.0	4851.0	3896.0	10570.0	14081.0	3981.0	15791.0	2823.0	27473.0	14480.0	6595.0	5242.0	3535.0	5340.0	3072.0
ErbB signaling pathway	0.0	0.0	0.0	0.0	0.0	0.0	0.0	0.0	0.0	0.0	0.0	0.0	0.0	0.0	0.0	0.0	0.0	0.0	0.0	0.0	0.0	0.0	0.0	0.0	0.0	0.0	0.0
Ether lipid metabolism	14621.0	10778.0	12189.0	15167.0	5252.0	18231.0	6999.0	6774.0	6721.0	8054.0	6051.0	15864.0	6433.0	2108.0	1817.0	4601.0	5912.0	1818.0	7480.0	1326.0	14433.0	6337.0	2810.0	2418.0	1793.0	2339.0	1384.0
Ethylbenzene degradation	84057.0	57139.0	72205.0	66420.0	30361.0	99335.0	34952.0	39640.0	30041.0	42934.0	30464.0	84008.0	33364.0	12963.0	10519.0	26768.0	31745.0	10747.0	40543.0	7454.0	74678.0	34560.0	17464.0	13909.0	10013.0	14329.0	7928.0
Fat digestion and absorption	0.0	0.0	0.0	0.0	0.0	0.0	0.0	0.0	0.0	0.0	0.0	0.0	0.0	0.0	0.0	0.0	0.0	0.0	0.0	0.0	0.0	0.0	0.0	0.0	0.0	0.0	0.0
Fatty acid biosynthesis	394496.0	288336.0	333639.0	371339.0	144050.0	458651.0	178432.0	183220.0	158672.0	209944.0	165487.0	406986.0	170094.0	55057.0	44924.0	131876.0	171145.0	46349.0	199380.0	32651.0	344118.0	179782.0	73368.0	60392.0	43582.0	62196.0	33514.0
Fatty acid elongation in mitochondria	423.0	403.0	352.0	339.0	143.0	455.0	184.0	192.0	235.0	231.0	249.0	730.0	185.0	41.0	27.0	163.0	194.0	36.0	198.0	23.0	368.0	222.0	44.0	43.0	31.0	43.0	20.0
Fatty acid metabolism	723996.0	514792.0	613594.0	576128.0	241283.0	860881.0	304171.0	330040.0	266652.0	377303.0	282312.0	740026.0	298254.0	106995.0	88657.0	234818.0	283036.0	90618.0	350133.0	61855.0	648595.0	313977.0	143076.0	116053.0	85920.0	118427.0	64866.0
Fc epsilon RI signaling pathway	0.0	0.0	0.0	0.0	0.0	0.0	0.0	0.0	0.0	0.0	0.0	0.0	0.0	0.0	0.0	0.0	0.0	0.0	0.0	0.0	0.0	0.0	0.0	0.0	0.0	0.0	0.0
Fc gamma R-mediated phagocytosis	108.0	71.0	62.0	45.0	9.0	99.0	24.0	24.0	28.0	56.0	83.0	98.0	41.0	16.0	13.0	28.0	36.0	13.0	41.0	6.0	92.0	38.0	24.0	13.0	12.0	12.0	5.0
Flagellar assembly	535985.0	360729.0	491020.0	466520.0	217753.0	656752.0	220315.0	260206.0	210685.0	270586.0	182349.0	566531.0	207024.0	90821.0	71289.0	173530.0	191893.0	73739.0	269405.0	52732.0	484152.0	203980.0	123106.0	96168.0	65117.0	99493.0	57603.0
Flavone and flavonol biosynthesis	926.0	865.0	736.0	1762.0	610.0	910.0	760.0	548.0	433.0	765.0	522.0	846.0	523.0	84.0	79.0	323.0	662.0	97.0	681.0	83.0	920.0	522.0	101.0	122.0	62.0	140.0	48.0
Flavonoid biosynthesis	17118.0	13363.0	13183.0	27003.0	7394.0	16717.0	9874.0	7569.0	8213.0	9838.0	10762.0	19136.0	8726.0	1564.0	1346.0	6520.0	11696.0	1420.0	9967.0	1010.0	13940.0	11045.0	2031.0	1807.0	1348.0	1897.0	863.0
Fluorobenzoate degradation	59280.0	40514.0	49781.0	50439.0	21144.0	68576.0	26024.0	26873.0	23123.0	29642.0	23225.0	60809.0	23942.0	8502.0	6911.0	18971.0	24613.0	7095.0	28792.0	4824.0	50259.0	26403.0	11360.0	9225.0	6747.0	9568.0	5072.0
Focal adhesion	314.0	349.0	290.0	201.0	76.0	366.0	142.0	152.0	112.0	248.0	212.0	329.0	194.0	41.0	30.0	137.0	143.0	40.0	179.0	23.0	267.0	179.0	59.0	51.0	34.0	43.0	28.0
Folate biosynthesis	339120.0	237582.0	290688.0	337619.0	136184.0	393237.0	155666.0	160988.0	136426.0	177049.0	138618.0	349734.0	142438.0	49499.0	39699.0	113414.0	148990.0	41179.0	172019.0	29344.0	295563.0	153015.0	66246.0	53927.0	37415.0	55707.0	30247.0
Fructose and mannose metabolism	397598.0	279473.0	335891.0	407212.0	159152.0	454027.0	185997.0	187163.0	158296.0	209337.0	168574.0	407036.0	169463.0	56429.0	45638.0	133972.0	182793.0	46940.0	203326.0	33302.0	347648.0	184601.0	75071.0	61233.0	43356.0	63783.0	34126.0
Function unknown	1344904.0	912472.0	1166947.0	1256639.0	541262.0	1573592.0	597957.0	644398.0	526264.0	685974.0	509528.0	1370674.0	543863.0	204090.0	163440.0	437728.0	551974.0	169116.0	664968.0	120114.0	1177034.0	576872.0	275967.0	221775.0	152567.0	227509.0	126667.0
G protein-coupled receptors	20.0	16.0	19.0	6.0	0.0	22.0	5.0	6.0	4.0	14.0	10.0	18.0	6.0	1.0	0.0	8.0	12.0	0.0	13.0	0.0	15.0	5.0	2.0	2.0	1.0	2.0	0.0
GTP-binding proteins	0.0	0.0	0.0	0.0	0.0	0.0	0.0	0.0	0.0	0.0	0.0	0.0	0.0	0.0	0.0	0.0	0.0	0.0	0.0	0.0	0.0	0.0	0.0	0.0	0.0	0.0	0.0
Galactose metabolism	229111.0	170254.0	191163.0	236674.0	85852.0	260762.0	108345.0	108154.0	92635.0	126879.0	100049.0	231767.0	101756.0	30954.0	25848.0	76981.0	105133.0	26321.0	118401.0	18738.0	206371.0	108742.0	41000.0	34448.0	25117.0	35149.0	18912.0
Gastric acid secretion	0.0	0.0	0.0	0.0	0.0	1.0	0.0	0.0	1.0	0.0	1.0	0.0	0.0	0.0	0.0	0.0	1.0	0.0	1.0	0.0	0.0	0.0	0.0	0.0	0.0	0.0	0.0
General function prediction only	2798992.0	1950307.0	2386982.0	2725387.0	1101149.0	3237077.0	1274189.0	1321488.0	1109454.0	1455577.0	1137779.0	2861759.0	1168508.0	405691.0	327606.0	923146.0	1215901.0	338823.0	1404997.0	239325.0	2437520.0	1258611.0	545181.0	442740.0	311447.0	455885.0	249254.0
Geraniol degradation	380821.0	274726.0	322389.0	274372.0	120071.0	456918.0	155583.0	172725.0	135467.0	199210.0	145392.0	388455.0	156635.0	56310.0	46878.0	123263.0	142811.0	48089.0	180741.0	32557.0	342209.0	163125.0	75276.0	61086.0	45546.0	62307.0	33847.0
Germination	1400.0	1450.0	1259.0	1101.0	166.0	1075.0	290.0	857.0	387.0	1237.0	983.0	1037.0	590.0	105.0	64.0	490.0	444.0	94.0	1076.0	71.0	784.0	408.0	115.0	91.0	63.0	84.0	62.0
Glioma	0.0	0.0	0.0	0.0	0.0	0.0	0.0	0.0	0.0	0.0	0.0	0.0	0.0	0.0	0.0	0.0	0.0	0.0	0.0	0.0	0.0	0.0	0.0	0.0	0.0	0.0	0.0
Glutamatergic synapse	69228.0	50231.0	59472.0	67262.0	25746.0	81284.0	31091.0	32368.0	27720.0	36985.0	29485.0	71489.0	30031.0	9834.0	8036.0	23427.0	30903.0	8252.0	35526.0	5786.0	60992.0	32123.0	13164.0	10671.0	7705.0	11043.0	5969.0
Glutathione metabolism	408565.0	280617.0	354922.0	389482.0	162207.0	482109.0	180782.0	192789.0	164022.0	205573.0	159426.0	429870.0	167165.0	60793.0	48924.0	134799.0	171480.0	50579.0	203700.0	35746.0	354399.0	179036.0	82541.0	66129.0	45911.0	67913.0	37763.0
Glycan bindng proteins	5.0	6.0	5.0	10.0	4.0	4.0	9.0	1.0	2.0	3.0	5.0	4.0	5.0	1.0	0.0	1.0	4.0	0.0	7.0	0.0	5.0	6.0	1.0	2.0	0.0	1.0	0.0
Glycan biosynthesis and metabolism	56052.0	36032.0	49743.0	53635.0	24116.0	66487.0	24685.0	27134.0	22381.0	27109.0	20063.0	58103.0	21764.0	8840.0	6922.0	18167.0	22617.0	7213.0	27497.0	5163.0	47697.0	23179.0	12123.0	9504.0	6344.0	9819.0	5582.0
Glycerolipid metabolism	232799.0	167500.0	195450.0	225728.0	84091.0	270014.0	105808.0	107279.0	93229.0	124136.0	99336.0	237922.0	100525.0	32449.0	26812.0	77914.0	103334.0	27319.0	118015.0	19058.0	206503.0	108043.0	43130.0	35516.0	26041.0	36447.0	19649.0
Glycerophospholipid metabolism	387996.0	270330.0	334191.0	363154.0	151561.0	453781.0	172540.0	184860.0	153624.0	201779.0	151512.0	400124.0	160200.0	57811.0	46506.0	127362.0	161040.0	47933.0	193932.0	34013.0	342129.0	168470.0	77644.0	62635.0	43798.0	64626.0	35694.0
Glycine, serine and threonine metabolism	719423.0	511205.0	618752.0	655244.0	268328.0	845882.0	318113.0	338189.0	283285.0	378623.0	285377.0	741064.0	300967.0	105559.0	86085.0	237431.0	298592.0	87873.0	360680.0	62139.0	640789.0	315117.0	141363.0	114912.0	82365.0	117887.0	65106.0
Glycolysis / Gluconeogenesis	834478.0	584075.0	708984.0	795681.0	322339.0	964745.0	376145.0	393318.0	321533.0	437628.0	339603.0	848021.0	348701.0	121862.0	99009.0	276031.0	361584.0	101721.0	418326.0	71687.0	735464.0	375427.0	163254.0	132668.0	94174.0	136676.0	74270.0
Glycosaminoglycan biosynthesis - chondroitin sulfate	0.0	0.0	0.0	0.0	0.0	0.0	0.0	0.0	0.0	0.0	0.0	0.0	0.0	0.0	0.0	0.0	0.0	0.0	0.0	0.0	0.0	0.0	0.0	0.0	0.0	0.0	0.0
Glycosaminoglycan degradation	11740.0	9730.0	9072.0	15950.0	5707.0	13111.0	8192.0	6429.0	4826.0	7819.0	5313.0	9499.0	6120.0	1243.0	1136.0	4095.0	6508.0	1121.0	6514.0	970.0	11420.0	6322.0	1520.0	1698.0	1067.0	1607.0	734.0
Glycosphingolipid biosynthesis - ganglio series	9074.0	7409.0	6939.0	11967.0	4298.0	10129.0	6102.0	5063.0	3567.0	5972.0	3866.0	7254.0	4690.0	964.0	897.0	3136.0	4905.0	883.0	4809.0	754.0	8965.0	4971.0	1219.0	1328.0	850.0	1265.0	593.0
Glycosphingolipid biosynthesis - globo series	18744.0	15318.0	14413.0	22188.0	7584.0	20465.0	10924.0	10059.0	6876.0	12416.0	7977.0	15892.0	9355.0	2063.0	1937.0	6344.0	9405.0	1915.0	9716.0	1522.0	18766.0	9878.0	2642.0	2672.0	1833.0	2605.0	1277.0
Glycosphingolipid biosynthesis - lacto and neolacto series	637.0	476.0	773.0	1546.0	417.0	1150.0	350.0	371.0	462.0	402.0	268.0	863.0	267.0	157.0	129.0	219.0	263.0	126.0	458.0	101.0	897.0	197.0	231.0	169.0	114.0	152.0	130.0
Glycosylphosphatidylinositol(GPI)-anchor biosynthesis	0.0	2.0	4.0	1.0	0.0	1.0	0.0	0.0	0.0	0.0	0.0	1.0	1.0	0.0	0.0	0.0	0.0	0.0	0.0	0.0	0.0	0.0	0.0	0.0	0.0	0.0	0.0
Glycosyltransferases	258581.0	182566.0	217925.0	288340.0	104055.0	293170.0	124818.0	119814.0	109935.0	135291.0	116474.0	268925.0	112902.0	34644.0	28216.0	88444.0	126400.0	29133.0	135068.0	20586.0	220159.0	126553.0	46701.0	38161.0	27145.0	39500.0	21138.0
Glyoxylate and dicarboxylate metabolism	850696.0	565254.0	736984.0	711473.0	333433.0	1003207.0	362782.0	406159.0	312466.0	424617.0	301346.0	857451.0	330603.0	133688.0	107439.0	270709.0	324853.0	110420.0	406925.0	77960.0	745740.0	348200.0	180962.0	144446.0	99896.0	148243.0	83063.0
GnRH signaling pathway	108.0	71.0	62.0	45.0	9.0	99.0	24.0	24.0	28.0	56.0	83.0	98.0	41.0	16.0	13.0	28.0	36.0	13.0	41.0	6.0	92.0	38.0	24.0	13.0	12.0	12.0	5.0
Hedgehog signaling pathway	0.0	0.0	0.0	0.0	0.0	0.0	0.0	0.0	0.0	0.0	0.0	0.0	0.0	0.0	0.0	0.0	0.0	0.0	0.0	0.0	0.0	0.0	0.0	0.0	0.0	0.0	0.0
Hematopoietic cell lineage	99.0	60.0	48.0	38.0	4.0	92.0	18.0	21.0	23.0	49.0	64.0	79.0	33.0	14.0	12.0	24.0	32.0	10.0	39.0	6.0	77.0	31.0	22.0	10.0	9.0	12.0	6.0
Hepatitis C	49.0	50.0	55.0	42.0	8.0	78.0	30.0	26.0	12.0	79.0	78.0	23.0	49.0	3.0	4.0	29.0	22.0	2.0	77.0	2.0	43.0	14.0	5.0	5.0	3.0	2.0	2.0
Histidine metabolism	405460.0	292771.0	344567.0	383519.0	149713.0	475102.0	183956.0	187690.0	163151.0	214742.0	170130.0	417026.0	174094.0	57461.0	47053.0	136260.0	176125.0	48239.0	205847.0	33987.0	357221.0	184238.0	76547.0	63010.0	45558.0	64491.0	34990.0
Homologous recombination	481954.0	340315.0	412506.0	480148.0	193323.0	556358.0	221636.0	228393.0	191708.0	252355.0	198411.0	496003.0	203238.0	69866.0	55891.0	161928.0	214089.0	58026.0	244432.0	41310.0	418601.0	219534.0	93403.0	75882.0	52968.0	78985.0	42420.0
Huntington's disease	85070.0	58715.0	75024.0	76365.0	33865.0	101751.0	37803.0	40538.0	33100.0	42992.0	31864.0	88207.0	34882.0	12721.0	10148.0	28250.0	34554.0	10505.0	42563.0	7500.0	72677.0	36277.0	17327.0	13883.0	9500.0	14339.0	7870.0
Hypertrophic cardiomyopathy (HCM)	994.0	896.0	922.0	904.0	295.0	1225.0	414.0	455.0	477.0	611.0	480.0	1304.0	505.0	97.0	71.0	379.0	440.0	83.0	536.0	55.0	866.0	501.0	129.0	101.0	82.0	113.0	48.0
Indole alkaloid biosynthesis	2999.0	2567.0	2749.0	2770.0	983.0	4084.0	1516.0	1318.0	1415.0	1648.0	1321.0	3472.0	1337.0	443.0	377.0	1066.0	1197.0	370.0	1574.0	256.0	2856.0	1314.0	611.0	505.0	391.0	459.0	284.0
Influenza A	6182.0	5727.0	5713.0	4349.0	1616.0	7666.0	2632.0	2769.0	2525.0	3534.0	2833.0	7099.0	3124.0	669.0	571.0	2369.0	2774.0	570.0	3524.0	397.0	5366.0	3019.0	914.0	717.0	646.0	813.0	377.0
Inorganic ion transport and metabolism	298610.0	209248.0	260059.0	252637.0	114334.0	353427.0	130556.0	141634.0	113747.0	152916.0	110635.0	305233.0	121944.0	45326.0	36310.0	98003.0	117563.0	37352.0	146466.0	26520.0	259500.0	126399.0	61024.0	49049.0	34188.0	50480.0	27732.0
Inositol phosphate metabolism	156874.0	111422.0	133396.0	142587.0	54577.0	184913.0	67679.0	71861.0	63787.0	83021.0	62848.0	160270.0	66456.0	22647.0	18768.0	51068.0	63632.0	18941.0	79214.0	13264.0	140433.0	68378.0	30162.0	24892.0	18206.0	25078.0	14029.0
Insulin signaling pathway	63657.0	41438.0	53512.0	74429.0	28392.0	70783.0	30817.0	30235.0	25983.0	31817.0	27699.0	65755.0	26151.0	9081.0	7249.0	21387.0	31503.0	7535.0	32434.0	5326.0	53786.0	30673.0	12304.0	9850.0	6661.0	10198.0	5607.0
Ion channels	12853.0	9571.0	10262.0	14957.0	4497.0	14157.0	6350.0	5832.0	6017.0	7314.0	6399.0	12885.0	5953.0	1564.0	1350.0	4431.0	6599.0	1286.0	7077.0	911.0	11470.0	6552.0	2002.0	1731.0	1363.0	1782.0	914.0
Isoflavonoid biosynthesis	138.0	136.0	121.0	105.0	20.0	128.0	46.0	79.0	40.0	84.0	71.0	146.0	65.0	11.0	9.0	48.0	64.0	13.0	76.0	12.0	101.0	65.0	14.0	16.0	8.0	14.0	6.0
Isoquinoline alkaloid biosynthesis	45215.0	33003.0	39089.0	44937.0	18557.0	53757.0	21857.0	22204.0	18340.0	24579.0	18354.0	46334.0	19431.0	6621.0	5378.0	15282.0	19808.0	5489.0	22976.0	4010.0	41355.0	20169.0	8914.0	7334.0	5147.0	7536.0	4096.0
Leishmaniasis	97.0	71.0	91.0	41.0	11.0	76.0	26.0	24.0	27.0	35.0	41.0	77.0	31.0	16.0	10.0	18.0	21.0	12.0	31.0	5.0	40.0	53.0	13.0	14.0	11.0	9.0	6.0
Leukocyte transendothelial migration	142.0	154.0	123.0	119.0	53.0	131.0	76.0	75.0	61.0	101.0	71.0	158.0	71.0	16.0	8.0	73.0	76.0	10.0	65.0	9.0	128.0	93.0	17.0	15.0	13.0	19.0	11.0
Limonene and pinene degradation	364060.0	265577.0	304569.0	263203.0	107569.0	435165.0	149490.0	160223.0	132030.0	190615.0	144898.0	371074.0	152301.0	52041.0	43835.0	118498.0	138937.0	44532.0	174747.0	29878.0	324593.0	158819.0	69347.0	56733.0	43505.0	57300.0	31020.0
Linoleic acid metabolism	49304.0	36428.0	42464.0	41541.0	17574.0	59773.0	21963.0	23317.0	18675.0	26550.0	19243.0	50939.0	20956.0	7270.0	5915.0	16419.0	19723.0	6161.0	24518.0	4290.0	44920.0	21535.0	9650.0	7938.0	5741.0	8157.0	4411.0
Lipid biosynthesis proteins	680950.0	486023.0	576144.0	607016.0	244806.0	797135.0	300718.0	316578.0	262843.0	357403.0	273228.0	694829.0	285427.0	98168.0	80445.0	223706.0	282635.0	82451.0	336435.0	57452.0	600781.0	302907.0	131210.0	107191.0	77385.0	109617.0	59780.0
Lipid metabolism	170554.0	105953.0	148166.0	157673.0	73438.0	196773.0	74217.0	83466.0	64831.0	82762.0	58681.0	170383.0	63001.0	27408.0	21818.0	52887.0	65878.0	22440.0	80961.0	16035.0	149756.0	68698.0	37545.0	29746.0	19821.0	30149.0	17374.0
Lipoic acid metabolism	48476.0	34122.0	40707.0	55711.0	20076.0	54118.0	23425.0	22414.0	20393.0	25420.0	22338.0	50243.0	21189.0	6540.0	5244.0	16710.0	24283.0	5433.0	25504.0	3852.0	41047.0	24001.0	8688.0	7093.0	5029.0	7413.0	3921.0
Lipopolysaccharide biosynthesis	243486.0	162887.0	213493.0	237924.0	106524.0	285974.0	114090.0	118745.0	97428.0	122350.0	89504.0	245539.0	98235.0	37379.0	29454.0	80241.0	102034.0	30656.0	121431.0	22403.0	207071.0	102988.0	50760.0	40797.0	26877.0	42080.0	23308.0
Lipopolysaccharide biosynthesis proteins	309249.0	206019.0	271678.0	298610.0	134444.0	364676.0	143776.0	150485.0	125642.0	155105.0	112710.0	311684.0	124633.0	47611.0	37637.0	101309.0	127938.0	39060.0	153900.0	28556.0	264121.0	129271.0	64828.0	52071.0	34434.0	53556.0	29802.0
Long-term depression	0.0	0.0	0.0	0.0	0.0	0.0	0.0	0.0	0.0	0.0	0.0	0.0	0.0	0.0	0.0	0.0	0.0	0.0	0.0	0.0	0.0	0.0	0.0	0.0	0.0	0.0	0.0
Long-term potentiation	0.0	0.0	0.0	0.0	0.0	0.0	0.0	0.0	0.0	0.0	0.0	0.0	0.0	0.0	0.0	0.0	0.0	0.0	0.0	0.0	0.0	0.0	0.0	0.0	0.0	0.0	0.0
Lysine biosynthesis	401067.0	291728.0	341322.0	389384.0	152397.0	465420.0	182820.0	188099.0	161858.0	214238.0	169223.0	413650.0	173222.0	56634.0	45794.0	135265.0	177213.0	47216.0	205648.0	33511.0	350507.0	182614.0	75434.0	61619.0	44149.0	64163.0	34297.0
Lysine degradation	454701.0	328988.0	386498.0	347597.0	148820.0	543463.0	189787.0	206638.0	167737.0	238637.0	177516.0	467309.0	189133.0	67099.0	55498.0	148281.0	174714.0	56928.0	219501.0	38906.0	407537.0	196079.0	89435.0	72838.0	54036.0	74337.0	40510.0
Lysosome	22350.0	18845.0	17426.0	30856.0	11249.0	24829.0	15550.0	12498.0	9294.0	14975.0	10214.0	18765.0	11703.0	2384.0	2154.0	7804.0	12509.0	2131.0	12368.0	1877.0	22022.0	12020.0	2995.0	3203.0	2028.0	3112.0	1438.0
MAPK signaling pathway	0.0	0.0	0.0	0.0	0.0	0.0	0.0	0.0	0.0	0.0	0.0	0.0	0.0	0.0	0.0	0.0	0.0	0.0	0.0	0.0	0.0	0.0	0.0	0.0	0.0	0.0	0.0
MAPK signaling pathway - yeast	53596.0	32873.0	47363.0	47311.0	23944.0	63376.0	23210.0	26772.0	18937.0	25760.0	17384.0	53612.0	19546.0	8969.0	7042.0	16709.0	19974.0	7338.0	25295.0	5264.0	46929.0	20892.0	12392.0	9692.0	6282.0	9885.0	5700.0
Measles	49.0	50.0	55.0	42.0	8.0	78.0	30.0	26.0	12.0	79.0	78.0	23.0	49.0	3.0	4.0	29.0	22.0	2.0	77.0	2.0	43.0	14.0	5.0	5.0	3.0	2.0	2.0
Meiosis - yeast	35514.0	28265.0	30325.0	44473.0	12117.0	40930.0	17587.0	15077.0	16060.0	19167.0	19721.0	39710.0	17344.0	3823.0	3340.0	13476.0	20560.0	3362.0	20143.0	2206.0	29168.0	20440.0	5114.0	4181.0	3458.0	4483.0	2202.0
Melanogenesis	739.0	648.0	578.0	826.0	182.0	734.0	264.0	594.0	299.0	648.0	196.0	760.0	330.0	94.0	106.0	227.0	285.0	76.0	365.0	61.0	1103.0	359.0	134.0	102.0	78.0	110.0	69.0
Membrane and intracellular structural molecules	582592.0	387603.0	511943.0	554849.0	245921.0	687537.0	261260.0	283091.0	231534.0	291460.0	210525.0	599538.0	232196.0	90077.0	71639.0	188978.0	235905.0	74086.0	287965.0	53460.0	504569.0	244908.0	122718.0	97829.0	65689.0	100769.0	56558.0
Metabolism of cofactors and vitamins	178197.0	121616.0	154050.0	161388.0	71012.0	208603.0	79133.0	85163.0	68230.0	90344.0	67333.0	180754.0	71949.0	27140.0	21654.0	58212.0	72988.0	22501.0	87235.0	15894.0	154814.0	76729.0	36634.0	29376.0	20302.0	30361.0	16661.0
Metabolism of xenobiotics by cytochrome P450	192922.0	130256.0	166788.0	184801.0	74814.0	227587.0	85400.0	89621.0	77162.0	95794.0	75864.0	201818.0	78441.0	28171.0	22970.0	63283.0	81860.0	23551.0	96025.0	16553.0	166448.0	85135.0	38433.0	30828.0	21768.0	31401.0	17560.0
Methane metabolism	944668.0	639432.0	809197.0	849244.0	370982.0	1094636.0	415943.0	448077.0	353572.0	482897.0	362615.0	957189.0	378616.0	143765.0	115101.0	306580.0	388635.0	118875.0	464170.0	83445.0	826830.0	407409.0	193157.0	154896.0	108337.0	160348.0	87807.0
Mineral absorption	28944.0	17752.0	24851.0	37864.0	14059.0	32841.0	14564.0	14129.0	12239.0	14022.0	12066.0	29200.0	11506.0	4310.0	3450.0	9596.0	14518.0	3520.0	14889.0	2572.0	24838.0	13882.0	5928.0	4745.0	3106.0	4805.0	2769.0
Mismatch repair	451443.0	317024.0	384754.0	443465.0	180824.0	520989.0	208059.0	214222.0	178127.0	235474.0	184412.0	461492.0	189712.0	65524.0	52483.0	150839.0	199041.0	54364.0	226995.0	38675.0	392244.0	204748.0	87630.0	71271.0	49888.0	74083.0	39830.0
N-Glycan biosynthesis	21986.0	17898.0	17257.0	30344.0	8539.0	23218.0	12195.0	9849.0	9968.0	12904.0	13047.0	23452.0	11124.0	2261.0	1889.0	8344.0	13735.0	1951.0	12664.0	1366.0	18738.0	13130.0	2879.0	2521.0	1961.0	2676.0	1228.0
NOD-like receptor signaling pathway	18484.0	12527.0	15751.0	19423.0	7887.0	21010.0	8830.0	8880.0	7454.0	9293.0	7360.0	18546.0	7639.0	2674.0	2140.0	6082.0	8274.0	2227.0	9117.0	1597.0	15679.0	8435.0	3647.0	2952.0	1997.0	2999.0	1669.0
Naphthalene degradation	234510.0	166846.0	197043.0	192121.0	76672.0	279682.0	100172.0	106484.0	85563.0	121940.0	92806.0	234864.0	97888.0	33574.0	28214.0	76382.0	93829.0	28684.0	113690.0	19598.0	208295.0	103700.0	45334.0	36948.0	27596.0	37356.0	20486.0
Neuroactive ligand-receptor interaction	464.0	409.0	323.0	485.0	111.0	426.0	159.0	369.0	130.0	380.0	123.0	446.0	203.0	65.0	67.0	141.0	172.0	49.0	213.0	40.0	675.0	223.0	83.0	65.0	49.0	67.0	44.0
Neurotrophin signaling pathway	0.0	0.0	0.0	0.0	0.0	0.0	0.0	0.0	0.0	0.0	0.0	0.0	0.0	0.0	0.0	0.0	0.0	0.0	0.0	0.0	0.0	0.0	0.0	0.0	0.0	0.0	0.0
Nicotinate and nicotinamide metabolism	288153.0	206431.0	246078.0	282812.0	109664.0	336229.0	130939.0	133836.0	115767.0	151904.0	121364.0	297558.0	123980.0	41141.0	33386.0	96889.0	127712.0	34425.0	147042.0	24273.0	251810.0	132157.0	54910.0	44821.0	32131.0	46383.0	25057.0
Nitrogen metabolism	628449.0	438952.0	543870.0	573552.0	240042.0	744621.0	277522.0	295762.0	245433.0	323787.0	244121.0	649501.0	259517.0	94578.0	77017.0	207268.0	257422.0	79188.0	311671.0	55698.0	555252.0	273771.0	128089.0	103273.0	72674.0	105421.0	59024.0
Nitrotoluene degradation	89461.0	68238.0	76330.0	66612.0	28213.0	108979.0	38066.0	40393.0	32995.0	48397.0	36626.0	96103.0	38276.0	13464.0	10881.0	30333.0	35743.0	11333.0	45074.0	7609.0	80489.0	40073.0	17645.0	14278.0	10979.0	15354.0	7956.0
Non-homologous end-joining	68392.0	48941.0	58050.0	52305.0	22784.0	81994.0	28965.0	31517.0	24405.0	36080.0	25873.0	68570.0	28328.0	10242.0	8480.0	22033.0	25727.0	8696.0	32342.0	5993.0	62282.0	29608.0	13646.0	11266.0	8266.0	11344.0	6246.0
Notch signaling pathway	43.0	43.0	34.0	29.0	14.0	49.0	17.0	17.0	23.0	40.0	44.0	62.0	26.0	6.0	3.0	20.0	33.0	2.0	30.0	2.0	34.0	18.0	3.0	3.0	2.0	5.0	0.0
Novobiocin biosynthesis	98029.0	68891.0	84335.0	92695.0	38442.0	114482.0	44291.0	46519.0	38253.0	51110.0	39086.0	99628.0	40970.0	14402.0	11532.0	32662.0	41853.0	11929.0	49194.0	8499.0	85594.0	43147.0	19241.0	15621.0	10943.0	16138.0	8806.0
Nucleotide excision repair	259496.0	183794.0	220612.0	238176.0	98653.0	300831.0	115672.0	122034.0	99214.0	136650.0	104792.0	264352.0	108615.0	38062.0	30718.0	85933.0	109668.0	31726.0	128778.0	22304.0	228923.0	115989.0	50628.0	41277.0	29270.0	42591.0	23000.0
Nucleotide metabolism	20389.0	14695.0	17950.0	17137.0	7209.0	24947.0	8171.0	9817.0	7621.0	10758.0	7413.0	21362.0	8368.0	3330.0	2676.0	6614.0	7463.0	2732.0	10075.0	1907.0	18800.0	8183.0	4443.0	3452.0	2540.0	3689.0	2101.0
Olfactory transduction	0.0	0.0	0.0	0.0	0.0	0.0	0.0	0.0	0.0	0.0	0.0	0.0	0.0	0.0	0.0	0.0	0.0	0.0	0.0	0.0	0.0	0.0	0.0	0.0	0.0	0.0	0.0
One carbon pool by folate	352806.0	247692.0	302185.0	339073.0	138893.0	409226.0	160709.0	166891.0	139157.0	184315.0	142016.0	360615.0	148037.0	51270.0	41266.0	117633.0	152731.0	42569.0	178165.0	30287.0	306402.0	158389.0	68545.0	55792.0	39068.0	57770.0	31212.0
Oocyte meiosis	0.0	0.0	0.0	0.0	0.0	0.0	0.0	0.0	0.0	0.0	0.0	0.0	0.0	0.0	0.0	0.0	0.0	0.0	0.0	0.0	0.0	0.0	0.0	0.0	0.0	0.0	0.0
Other glycan degradation	35926.0	29589.0	27265.0	55722.0	19361.0	38469.0	25743.0	21127.0	15111.0	24594.0	16342.0	30125.0	18738.0	3717.0	3490.0	12404.0	21611.0	3389.0	19958.0	3023.0	36509.0	20436.0	4810.0	5108.0	3203.0	5048.0	2327.0
Other ion-coupled transporters	710929.0	499788.0	613137.0	695020.0	281171.0	830321.0	324741.0	339796.0	288579.0	373499.0	285854.0	725053.0	298359.0	103361.0	83526.0	235116.0	306153.0	86322.0	358328.0	61407.0	623950.0	317231.0	138733.0	113379.0	79316.0	116081.0	63727.0
Other transporters	174191.0	117878.0	149300.0	174531.0	71876.0	199562.0	80375.0	82523.0	71011.0	88710.0	69209.0	176890.0	71761.0	25395.0	20282.0	57351.0	76544.0	20832.0	87711.0	14903.0	148803.0	77417.0	34129.0	27576.0	19147.0	28674.0	15512.0
Other types of O-glycan biosynthesis	0.0	0.0	0.0	1.0	0.0	0.0	0.0	0.0	0.0	0.0	0.0	1.0	0.0	0.0	0.0	0.0	0.0	0.0	0.0	0.0	1.0	1.0	0.0	0.0	0.0	0.0	0.0
Others	847452.0	584850.0	721134.0	866318.0	344280.0	982814.0	396933.0	403253.0	338399.0	440467.0	348696.0	863367.0	355005.0	122347.0	99015.0	281564.0	378239.0	101857.0	426879.0	72268.0	744946.0	385635.0	164763.0	133971.0	93738.0	136839.0	75156.0
Oxidative phosphorylation	1072352.0	754148.0	915971.0	1059949.0	427939.0	1235184.0	492092.0	509638.0	423472.0	562748.0	437783.0	1098890.0	450447.0	155718.0	124731.0	356442.0	471209.0	129422.0	541715.0	92154.0	931223.0	485208.0	208696.0	169080.0	118137.0	175938.0	95000.0
PPAR signaling pathway	193365.0	140880.0	162270.0	162601.0	64024.0	228797.0	83134.0	87701.0	72166.0	102221.0	79040.0	199780.0	81629.0	28010.0	23319.0	63500.0	78841.0	23940.0	94444.0	16186.0	174323.0	87482.0	37122.0	30465.0	22757.0	31093.0	16888.0
Pancreatic cancer	0.0	0.0	0.0	0.0	0.0	0.0	0.0	0.0	0.0	0.0	0.0	0.0	0.0	0.0	0.0	0.0	0.0	0.0	0.0	0.0	0.0	0.0	0.0	0.0	0.0	0.0	0.0
Pancreatic secretion	464.0	409.0	323.0	485.0	111.0	427.0	159.0	369.0	131.0	380.0	124.0	446.0	203.0	65.0	67.0	140.0	173.0	49.0	214.0	40.0	675.0	223.0	83.0	65.0	49.0	67.0	44.0
Pantothenate and CoA biosynthesis	417556.0	295011.0	356566.0	410993.0	163383.0	482515.0	189735.0	195962.0	165711.0	219119.0	173609.0	431046.0	176079.0	60172.0	48550.0	139650.0	184847.0	50086.0	212771.0	35494.0	364245.0	189489.0	80321.0	65161.0	46160.0	67756.0	36623.0
Parkinson's disease	53895.0	36256.0	48407.0	42719.0	21590.0	65314.0	22552.0	26070.0	20140.0	26431.0	17794.0	55954.0	20884.0	8624.0	6794.0	17359.0	19506.0	7050.0	26012.0	5046.0	46593.0	21156.0	11806.0	9283.0	6272.0	9631.0	5391.0
Pathogenic Escherichia coli infection	142.0	154.0	123.0	119.0	53.0	131.0	76.0	75.0	61.0	101.0	71.0	158.0	71.0	16.0	8.0	73.0	76.0	10.0	65.0	9.0	128.0	93.0	17.0	15.0	13.0	19.0	11.0
Pathways in cancer	43677.0	31554.0	37793.0	43372.0	17209.0	50455.0	20276.0	20420.0	17879.0	22674.0	18266.0	45211.0	18820.0	6024.0	4854.0	14815.0	19747.0	5023.0	22335.0	3562.0	37203.0	20328.0	8085.0	6563.0	4681.0	6805.0	3636.0
Penicillin and cephalosporin biosynthesis	52889.0	40343.0	44283.0	49707.0	18814.0	62555.0	24680.0	24553.0	21825.0	28581.0	22337.0	53381.0	23236.0	7344.0	6165.0	17627.0	22533.0	6264.0	26411.0	4440.0	47196.0	24110.0	9761.0	8302.0	6099.0	8356.0	4519.0
Pentose and glucuronate interconversions	251226.0	185506.0	210117.0	242817.0	92017.0	292764.0	116994.0	117127.0	100260.0	137154.0	107065.0	252987.0	111510.0	34172.0	28469.0	84108.0	110869.0	29131.0	128510.0	20799.0	224834.0	116067.0	45263.0	38350.0	27745.0	38881.0	20790.0
Pentose phosphate pathway	494158.0	350333.0	416134.0	511923.0	196582.0	566917.0	232822.0	232727.0	200632.0	261192.0	210699.0	506237.0	212681.0	69422.0	56430.0	165551.0	226350.0	58215.0	252694.0	41601.0	431859.0	230553.0	92708.0	76495.0	54032.0	78866.0	42392.0
Peptidases	1121597.0	790209.0	949986.0	1185019.0	447175.0	1281640.0	522161.0	524803.0	463858.0	586534.0	482871.0	1167490.0	478501.0	157324.0	127238.0	376438.0	516015.0	131660.0	576082.0	93180.0	971777.0	524493.0	210686.0	171988.0	121370.0	177608.0	96458.0
Peptidoglycan biosynthesis	434801.0	308559.0	371551.0	433690.0	171354.0	501541.0	197764.0	205058.0	175289.0	228707.0	180877.0	451759.0	184660.0	62405.0	50225.0	145745.0	193099.0	52131.0	221908.0	36970.0	377616.0	198464.0	83530.0	67846.0	47631.0	70559.0	38148.0
Peroxisome	238104.0	172397.0	203835.0	209125.0	85035.0	283077.0	104807.0	110791.0	91261.0	125896.0	95300.0	247604.0	100287.0	34682.0	28623.0	79091.0	98098.0	29384.0	118066.0	20313.0	213311.0	106433.0	46311.0	37947.0	27507.0	38662.0	21188.0
Pertussis	32978.0	19270.0	27963.0	31072.0	14607.0	35879.0	15037.0	15382.0	15718.0	15118.0	11149.0	32539.0	12311.0	4961.0	3946.0	9937.0	13003.0	3986.0	15847.0	2925.0	26272.0	13140.0	6737.0	5508.0	3628.0	5640.0	3132.0
Phagosome	142.0	154.0	123.0	119.0	53.0	131.0	76.0	75.0	61.0	101.0	71.0	158.0	71.0	16.0	8.0	73.0	76.0	10.0	66.0	9.0	128.0	93.0	17.0	15.0	13.0	19.0	11.0
Phenylalanine metabolism	400872.0	275951.0	343402.0	329495.0	148846.0	473828.0	172157.0	189545.0	147308.0	204753.0	147749.0	403558.0	161183.0	61313.0	49658.0	128877.0	155501.0	51148.0	192785.0	35731.0	355638.0	168657.0	82413.0	66611.0	47152.0	68399.0	37675.0
Phenylalanine, tyrosine and tryptophan biosynthesis	487646.0	345126.0	416187.0	480341.0	192078.0	563395.0	222782.0	229350.0	195106.0	255362.0	203121.0	502037.0	206991.0	70052.0	56245.0	163718.0	216526.0	58206.0	248232.0	41343.0	421933.0	221035.0	93595.0	76103.0	53455.0	79078.0	42545.0
Phenylpropanoid biosynthesis	72995.0	54485.0	59872.0	73847.0	26345.0	81453.0	34448.0	33753.0	28460.0	39961.0	32813.0	73050.0	32733.0	9339.0	7799.0	24726.0	34442.0	8138.0	36930.0	5612.0	64084.0	36538.0	12245.0	10501.0	7674.0	10683.0	5497.0
Phosphatidylinositol signaling system	80071.0	55445.0	68169.0	80797.0	31957.0	92340.0	37178.0	37657.0	31529.0	41214.0	32990.0	81195.0	33718.0	11393.0	9199.0	26780.0	36039.0	9512.0	40493.0	6733.0	68760.0	36938.0	15355.0	12477.0	8752.0	12935.0	7005.0
Phosphonate and phosphinate metabolism	40208.0	27903.0	35383.0	35583.0	15926.0	48506.0	17757.0	19219.0	16512.0	20534.0	14395.0	41234.0	16376.0	6179.0	5000.0	13023.0	15500.0	5116.0	20063.0	3731.0	35359.0	16141.0	8374.0	6777.0	4693.0	6907.0	3938.0
Phosphotransferase system (PTS)	65322.0	46109.0	56402.0	46100.0	20939.0	75501.0	25535.0	29430.0	23667.0	33105.0	23438.0	64994.0	26690.0	9656.0	7899.0	21319.0	23405.0	7901.0	31688.0	5447.0	57533.0	26222.0	12627.0	10215.0	7584.0	10431.0	5725.0
Photosynthesis	279250.0	179439.0	219444.0	501403.0	140045.0	276721.0	163498.0	123178.0	139877.0	138617.0	168632.0	299144.0	130068.0	29178.0	23926.0	103098.0	199792.0	24827.0	161865.0	17519.0	214724.0	178011.0	39634.0	32708.0	22933.0	34662.0	17682.0
Photosynthesis - antenna proteins	29372.0	15249.0	19801.0	93598.0	20228.0	20942.0	23610.0	11590.0	19716.0	13039.0	27058.0	33417.0	15606.0	1126.0	1084.0	12410.0	34612.0	1122.0	20487.0	763.0	17782.0	27915.0	1734.0	1547.0	1050.0	1764.0	714.0
Photosynthesis proteins	328496.0	209136.0	256549.0	614127.0	168356.0	320562.0	196433.0	143949.0	167689.0	161842.0	203878.0	355128.0	154053.0	33101.0	27278.0	122413.0	243196.0	28235.0	192339.0	19931.0	249284.0	215396.0	45191.0	37321.0	26169.0	39602.0	20130.0
Phototransduction	0.0	0.0	0.0	0.0	0.0	0.0	0.0	0.0	0.0	0.0	0.0	0.0	0.0	0.0	0.0	0.0	0.0	0.0	0.0	0.0	0.0	0.0	0.0	0.0	0.0	0.0	0.0
Phototransduction - fly	142.0	154.0	123.0	119.0	53.0	131.0	76.0	75.0	61.0	101.0	71.0	158.0	71.0	16.0	8.0	73.0	76.0	10.0	65.0	9.0	128.0	93.0	17.0	15.0	13.0	19.0	11.0
Plant-pathogen interaction	102739.0	71411.0	90043.0	92990.0	40549.0	121795.0	44523.0	49435.0	39367.0	52947.0	38334.0	105478.0	41955.0	15718.0	12519.0	33714.0	41146.0	12994.0	51005.0	9258.0	90630.0	43177.0	21257.0	16941.0	11730.0	17564.0	9757.0
Polycyclic aromatic hydrocarbon degradation	136584.0	101288.0	110659.0	107923.0	38925.0	162975.0	59920.0	58877.0	50633.0	71398.0	58867.0	136864.0	59447.0	18039.0	15680.0	45351.0	56953.0	15718.0	65646.0	10423.0	120127.0	64530.0	24020.0	20325.0	15959.0	20001.0	10660.0
Polyketide sugar unit biosynthesis	107512.0	77705.0	90138.0	118904.0	43854.0	122358.0	52879.0	49873.0	44408.0	56786.0	48529.0	109906.0	47772.0	14499.0	11741.0	36873.0	52781.0	12223.0	55883.0	8780.0	91040.0	52627.0	19423.0	16066.0	11348.0	16688.0	8754.0
Pores ion channels	435075.0	285954.0	383843.0	473171.0	194461.0	515183.0	204365.0	211693.0	186360.0	217651.0	166275.0	453360.0	175513.0	66766.0	53117.0	142443.0	188210.0	54910.0	222044.0	39955.0	378928.0	187826.0	91409.0	73183.0	48603.0	74478.0	42692.0
Porphyrin and chlorophyll metabolism	913927.0	609522.0	781090.0	974688.0	386314.0	1041564.0	427652.0	434424.0	362952.0	464394.0	377227.0	935046.0	372486.0	133373.0	107053.0	303241.0	419840.0	110133.0	463598.0	78105.0	788981.0	421426.0	180860.0	144377.0	100294.0	149615.0	82485.0
Prenyltransferases	243111.0	175798.0	202130.0	256548.0	93707.0	273125.0	114806.0	113014.0	98160.0	129443.0	109427.0	250878.0	106412.0	32805.0	26853.0	83206.0	116304.0	27523.0	124547.0	19338.0	210078.0	119195.0	43526.0	35941.0	25851.0	37146.0	19643.0
Primary bile acid biosynthesis	16901.0	11823.0	14442.0	10797.0	5288.0	20496.0	6790.0	7528.0	5653.0	8663.0	6195.0	17196.0	6745.0	2600.0	2132.0	5301.0	5990.0	2205.0	7772.0	1463.0	15040.0	7075.0	3488.0	2804.0	2086.0	2815.0	1537.0
Primary immunodeficiency	43894.0	30950.0	37480.0	39334.0	16051.0	51523.0	18802.0	21109.0	16582.0	23456.0	16884.0	44939.0	18054.0	6685.0	5501.0	14281.0	17467.0	5599.0	21364.0	3903.0	40865.0	19210.0	8936.0	7263.0	5197.0	7356.0	4135.0
Prion diseases	4998.0	4003.0	4348.0	3041.0	1075.0	6203.0	2005.0	2050.0	1838.0	2541.0	2044.0	5202.0	2278.0	624.0	519.0	1745.0	1895.0	549.0	2420.0	342.0	3927.0	2304.0	816.0	685.0	542.0	687.0	344.0
Progesterone-mediated oocyte maturation	18480.0	12516.0	15748.0	19420.0	7886.0	21009.0	8830.0	8877.0	7453.0	9290.0	7358.0	18544.0	7638.0	2674.0	2140.0	6081.0	8273.0	2227.0	9110.0	1597.0	15677.0	8434.0	3647.0	2952.0	1997.0	2999.0	1669.0
Propanoate metabolism	884716.0	625493.0	755754.0	701437.0	309323.0	1049785.0	372532.0	409095.0	326285.0	459045.0	337485.0	904411.0	361323.0	133072.0	108777.0	287052.0	341598.0	111856.0	427514.0	77219.0	787002.0	376206.0	178103.0	143959.0	104124.0	147697.0	80810.0
Prostate cancer	18480.0	12516.0	15748.0	19420.0	7886.0	21009.0	8830.0	8877.0	7453.0	9290.0	7358.0	18544.0	7638.0	2674.0	2140.0	6081.0	8273.0	2227.0	9110.0	1597.0	15677.0	8434.0	3647.0	2952.0	1997.0	2999.0	1669.0
Proteasome	34152.0	25518.0	28070.0	28806.0	10602.0	38755.0	14466.0	15546.0	12252.0	19132.0	14698.0	34125.0	14837.0	4759.0	3987.0	11178.0	14211.0	4134.0	16922.0	2749.0	30654.0	16169.0	6250.0	5180.0	3914.0	5255.0	2825.0
Protein digestion and absorption	5974.0	4950.0	5037.0	6413.0	2101.0	7344.0	3055.0	3021.0	2436.0	3745.0	2647.0	5994.0	2929.0	788.0	686.0	2050.0	2650.0	684.0	3168.0	506.0	5968.0	2912.0	1048.0	906.0	660.0	869.0	489.0
Protein export	349406.0	248617.0	297801.0	339828.0	134903.0	402011.0	156940.0	163455.0	138102.0	183435.0	146051.0	361494.0	148486.0	50226.0	40463.0	117450.0	154003.0	41784.0	177331.0	29502.0	303588.0	159645.0	66878.0	54435.0	38507.0	56610.0	30355.0
Protein folding and associated processing	645929.0	440967.0	551492.0	634932.0	261083.0	740863.0	293299.0	304883.0	256602.0	328739.0	260412.0	666084.0	265753.0	94776.0	75975.0	213417.0	282094.0	78511.0	322414.0	55413.0	556045.0	290525.0	127734.0	102858.0	71632.0	106321.0	58195.0
Protein kinases	451415.0	301004.0	387399.0	445200.0	185247.0	517532.0	200104.0	213755.0	182652.0	224737.0	179147.0	478645.0	178932.0	67378.0	53741.0	146818.0	192135.0	55768.0	221732.0	39264.0	390405.0	198209.0	91015.0	72721.0	49956.0	74532.0	41743.0
Protein processing in endoplasmic reticulum	61079.0	42504.0	51449.0	69646.0	26438.0	69370.0	30545.0	29123.0	24806.0	32452.0	27038.0	61512.0	26468.0	8630.0	6921.0	20637.0	29840.0	7227.0	31685.0	5220.0	52661.0	29177.0	11649.0	9570.0	6557.0	9844.0	5283.0
Proximal tubule bicarbonate reclamation	34650.0	23332.0	29593.0	33188.0	14202.0	40665.0	15384.0	16812.0	13752.0	18015.0	13372.0	35637.0	13878.0	5336.0	4334.0	10989.0	14065.0	4426.0	17110.0	3146.0	31708.0	14336.0	7192.0	5808.0	4028.0	5909.0	3377.0
Purine metabolism	1408265.0	999093.0	1206106.0	1379303.0	543805.0	1635435.0	637606.0	659622.0	562810.0	738104.0	583981.0	1455799.0	596807.0	203020.0	163987.0	472174.0	617015.0	169307.0	714758.0	119327.0	1230323.0	640610.0	271593.0	220660.0	156576.0	228065.0	124047.0
Pyrimidine metabolism	956619.0	671242.0	819958.0	931529.0	379972.0	1107526.0	434436.0	453124.0	376307.0	501375.0	389727.0	978570.0	401122.0	139990.0	112294.0	319334.0	415567.0	116205.0	484198.0	82513.0	836504.0	428122.0	187315.0	151880.0	106338.0	157329.0	85428.0
Pyruvate metabolism	945286.0	653071.0	809617.0	870784.0	366349.0	1100439.0	418402.0	445862.0	362542.0	488372.0	372484.0	965391.0	387273.0	141145.0	113807.0	309409.0	394988.0	117503.0	468574.0	82499.0	829965.0	413887.0	189509.0	152882.0	107685.0	157533.0	86553.0
RIG-I-like receptor signaling pathway	2417.0	1963.0	2073.0	1427.0	487.0	3122.0	996.0	934.0	839.0	1260.0	1045.0	2333.0	1118.0	302.0	264.0	866.0	945.0	265.0	1202.0	161.0	2179.0	1151.0	362.0	342.0	303.0	335.0	177.0
RNA degradation	306710.0	216263.0	261270.0	326516.0	124487.0	351592.0	144396.0	144179.0	125962.0	160320.0	131807.0	318046.0	131460.0	43058.0	34652.0	104046.0	142896.0	35922.0	158139.0	25534.0	263717.0	144474.0	57650.0	46984.0	32842.0	48672.0	26232.0
RNA polymerase	87149.0	61396.0	74098.0	90082.0	34445.0	99520.0	40087.0	40561.0	35143.0	45811.0	37898.0	90101.0	37350.0	12268.0	9865.0	29614.0	40113.0	10199.0	45164.0	7213.0	74692.0	40713.0	16367.0	13303.0	9357.0	13818.0	7419.0
RNA transport	59051.0	38919.0	51310.0	63014.0	26757.0	68291.0	28046.0	29197.0	24034.0	30269.0	23285.0	59837.0	23891.0	8944.0	7048.0	19454.0	26222.0	7328.0	30166.0	5354.0	50647.0	25360.0	12269.0	9751.0	6408.0	10035.0	5650.0
Regulation of actin cytoskeleton	142.0	154.0	123.0	119.0	53.0	131.0	76.0	75.0	61.0	101.0	71.0	158.0	71.0	16.0	8.0	73.0	76.0	10.0	65.0	9.0	128.0	93.0	17.0	15.0	13.0	19.0	11.0
Renal cell carcinoma	19530.0	13810.0	16708.0	20179.0	7854.0	22290.0	9036.0	9203.0	8054.0	10335.0	8262.0	20056.0	8324.0	2743.0	2209.0	6570.0	8916.0	2273.0	9995.0	1612.0	16932.0	9134.0	3613.0	2962.0	2090.0	3067.0	1641.0
Renin-angiotensin system	10324.0	6247.0	9227.0	8785.0	4670.0	12310.0	4236.0	5188.0	3892.0	4980.0	3202.0	10929.0	3593.0	1811.0	1406.0	3104.0	3455.0	1458.0	4813.0	1048.0	9488.0	3672.0	2492.0	1931.0	1248.0	1962.0	1150.0
Replication, recombination and repair proteins	544993.0	378719.0	469766.0	571833.0	223650.0	624929.0	254352.0	257311.0	219786.0	281998.0	227961.0	566005.0	229355.0	77317.0	62023.0	184282.0	252568.0	64154.0	280548.0	45884.0	467535.0	252269.0	104263.0	83879.0	58362.0	87094.0	47337.0
Restriction enzyme	70770.0	49262.0	60275.0	75199.0	30298.0	79992.0	34258.0	34076.0	28702.0	36838.0	29268.0	72779.0	29539.0	10152.0	8099.0	23941.0	32611.0	8345.0	35872.0	6080.0	60784.0	32854.0	13484.0	11062.0	7507.0	11501.0	6179.0
Retinol metabolism	78844.0	54823.0	65721.0	77166.0	28242.0	90915.0	36055.0	36010.0	30690.0	41019.0	33486.0	78760.0	33303.0	10850.0	9047.0	26041.0	35364.0	9176.0	39516.0	6378.0	68504.0	37016.0	14599.0	12017.0	8863.0	12176.0	6584.0
Rheumatoid arthritis	0.0	0.0	0.0	0.0	0.0	0.0	0.0	0.0	0.0	0.0	0.0	0.0	0.0	0.0	0.0	0.0	0.0	0.0	0.0	0.0	0.0	0.0	0.0	0.0	0.0	0.0	0.0
Riboflavin metabolism	211693.0	145283.0	180862.0	210758.0	83802.0	243422.0	95642.0	99742.0	83635.0	109576.0	86299.0	217418.0	87814.0	30936.0	25025.0	70302.0	92847.0	25718.0	106575.0	18167.0	185745.0	96173.0	41466.0	33606.0	23540.0	34594.0	18967.0
Ribosome	1170307.0	832816.0	994461.0	1169602.0	459323.0	1344993.0	536732.0	547997.0	467543.0	616966.0	496516.0	1205797.0	500768.0	166370.0	133672.0	395568.0	526911.0	138355.0	599517.0	98202.0	1010547.0	538621.0	221722.0	180789.0	127428.0	188284.0	100556.0
Ribosome Biogenesis	813966.0	565445.0	703093.0	783382.0	323850.0	947938.0	364469.0	385166.0	323569.0	419300.0	323966.0	841678.0	337301.0	120385.0	96054.0	270485.0	347084.0	99823.0	408394.0	70691.0	704152.0	360661.0	161533.0	130293.0	90362.0	134869.0	73730.0
Ribosome biogenesis in eukaryotes	48708.0	32885.0	42163.0	42433.0	18880.0	57552.0	20864.0	23119.0	18125.0	24776.0	17981.0	49210.0	19401.0	7649.0	6129.0	15690.0	18910.0	6352.0	23442.0	4459.0	43087.0	20421.0	10320.0	8269.0	5734.0	8459.0	4737.0
Salivary secretion	0.0	0.0	0.0	0.0	0.0	1.0	0.0	0.0	1.0	0.0	1.0	0.0	0.0	0.0	0.0	0.0	1.0	0.0	1.0	0.0	0.0	0.0	0.0	0.0	0.0	0.0	0.0
Secondary bile acid biosynthesis	795.0	676.0	728.0	574.0	208.0	999.0	346.0	288.0	327.0	437.0	401.0	1057.0	414.0	103.0	78.0	293.0	335.0	66.0	407.0	49.0	626.0	409.0	123.0	92.0	73.0	89.0	49.0
Secretion system	1525545.0	1008837.0	1351866.0	1457254.0	635500.0	1824259.0	662370.0	735604.0	615424.0	761545.0	556887.0	1593711.0	601951.0	243230.0	193422.0	492447.0	607066.0	199792.0	758980.0	142742.0	1342329.0	625152.0	332192.0	261716.0	177451.0	269170.0	154427.0
Selenocompound metabolism	268628.0	191452.0	229149.0	251302.0	101250.0	313060.0	120830.0	125050.0	105136.0	140964.0	109792.0	276725.0	113562.0	38466.0	31258.0	89280.0	114979.0	32342.0	134939.0	22720.0	233870.0	121129.0	51408.0	42002.0	30007.0	43284.0	23485.0
Sesquiterpenoid biosynthesis	2052.0	1809.0	1491.0	2226.0	507.0	1933.0	713.0	1662.0	560.0	1750.0	539.0	2048.0	891.0	280.0	307.0	606.0	746.0	217.0	966.0	171.0	3040.0	998.0	370.0	289.0	223.0	295.0	192.0
Shigellosis	142.0	154.0	123.0	119.0	53.0	131.0	76.0	75.0	61.0	101.0	71.0	158.0	71.0	16.0	8.0	73.0	76.0	10.0	65.0	9.0	128.0	93.0	17.0	15.0	13.0	19.0	11.0
Signal transduction mechanisms	424383.0	281945.0	366964.0	425228.0	179418.0	489593.0	192311.0	205143.0	168382.0	214380.0	164190.0	437431.0	169107.0	65005.0	51525.0	138302.0	180403.0	53275.0	210236.0	37858.0	370622.0	183870.0	87901.0	69920.0	47640.0	71840.0	40537.0
Small cell lung cancer	5624.0	5185.0	5303.0	3744.0	1455.0	7107.0	2393.0	2323.0	2349.0	3009.0	2602.0	6549.0	2832.0	601.0	502.0	2144.0	2525.0	521.0	3200.0	351.0	4560.0	2742.0	822.0	646.0	592.0	734.0	326.0
Sphingolipid metabolism	42995.0	33426.0	34305.0	51616.0	19057.0	47178.0	24944.0	22611.0	17192.0	26631.0	18872.0	40391.0	20287.0	5200.0	4556.0	14599.0	21684.0	4513.0	22614.0	3540.0	41036.0	21700.0	6798.0	6262.0	4195.0	6247.0	3178.0
Spliceosome	0.0	0.0	0.0	0.0	0.0	0.0	0.0	0.0	0.0	0.0	0.0	0.0	0.0	0.0	0.0	0.0	0.0	0.0	0.0	0.0	0.0	0.0	0.0	0.0	0.0	0.0	0.0
Sporulation	32613.0	24013.0	26448.0	31848.0	10619.0	33805.0	13287.0	15201.0	12091.0	18047.0	15764.0	32052.0	13335.0	4104.0	3353.0	10629.0	14387.0	3518.0	17872.0	2374.0	26368.0	14430.0	5494.0	4418.0	3243.0	4576.0	2540.0
Staphylococcus aureus infection	8365.0	4447.0	7168.0	7045.0	4022.0	8925.0	3612.0	4264.0	2927.0	3833.0	2266.0	7483.0	2699.0	1377.0	1051.0	2339.0	2884.0	1084.0	3809.0	811.0	6926.0	2919.0	1876.0	1490.0	925.0	1529.0	858.0
Starch and sucrose metabolism	359718.0	269611.0	295763.0	415503.0	140779.0	398572.0	178805.0	168427.0	151592.0	199594.0	171971.0	371787.0	165530.0	45197.0	37503.0	124560.0	183891.0	38906.0	191131.0	27521.0	314075.0	184714.0	59697.0	50569.0	36743.0	52502.0	26920.0
Steroid biosynthesis	14906.0	11230.0	11517.0	17705.0	4632.0	15806.0	7609.0	6273.0	6220.0	8011.0	8171.0	15004.0	6977.0	1552.0	1379.0	5379.0	8382.0	1356.0	7658.0	857.0	12370.0	8757.0	2000.0	1771.0	1452.0	1713.0	877.0
Steroid hormone biosynthesis	26463.0	18889.0	21603.0	26152.0	10281.0	30589.0	13256.0	12341.0	10343.0	14257.0	11645.0	25803.0	11534.0	3653.0	2986.0	8837.0	11939.0	3059.0	13354.0	2157.0	23509.0	12201.0	4869.0	4104.0	2919.0	4079.0	2152.0
Stilbenoid, diarylheptanoid and gingerol biosynthesis	52573.0	40062.0	40180.0	39304.0	11599.0	58750.0	22035.0	21200.0	18227.0	27929.0	24044.0	52091.0	23039.0	6259.0	5663.0	17263.0	22291.0	5620.0	24594.0	3508.0	45782.0	26478.0	8207.0	7040.0	5965.0	6809.0	3483.0
Streptomycin biosynthesis	212278.0	154393.0	177131.0	223557.0	81339.0	241315.0	100891.0	97740.0	86012.0	112979.0	94864.0	216316.0	94057.0	28631.0	23444.0	72122.0	100876.0	24234.0	109317.0	17109.0	182510.0	103204.0	38180.0	31686.0	22865.0	32740.0	17302.0
Styrene degradation	142708.0	94984.0	123626.0	109054.0	53233.0	170063.0	59404.0	67637.0	51146.0	71272.0	49313.0	143113.0	54852.0	22596.0	18247.0	44682.0	52050.0	18760.0	67266.0	13014.0	126773.0	57346.0	30595.0	24416.0	17189.0	24972.0	13912.0
Sulfur metabolism	256944.0	181064.0	220393.0	249740.0	100918.0	297647.0	117149.0	121199.0	102128.0	133639.0	103883.0	265442.0	107350.0	37076.0	29891.0	85512.0	111486.0	30987.0	129558.0	21906.0	222571.0	116023.0	49700.0	40282.0	28217.0	41671.0	22637.0
Sulfur relay system	249893.0	178969.0	212278.0	253171.0	96333.0	284942.0	114627.0	115607.0	101806.0	131156.0	108362.0	260524.0	107172.0	35469.0	28454.0	84859.0	114000.0	29707.0	128212.0	20810.0	214021.0	117329.0	47305.0	38399.0	27362.0	40161.0	21518.0
Synthesis and degradation of ketone bodies	166568.0	114396.0	144136.0	125687.0	60303.0	200171.0	68561.0	78681.0	59849.0	85573.0	59095.0	168874.0	65781.0	26165.0	21291.0	52523.0	60070.0	21982.0	78845.0	15214.0	149850.0	67184.0	35251.0	28363.0	20067.0	28861.0	16102.0
Systemic lupus erythematosus	864.0	733.0	693.0	529.0	205.0	1083.0	339.0	321.0	491.0	429.0	436.0	1241.0	435.0	70.0	66.0	295.0	351.0	66.0	420.0	43.0	613.0	379.0	99.0	86.0	69.0	84.0	41.0
TGF-beta signaling pathway	0.0	0.0	0.0	0.0	0.0	0.0	0.0	0.0	0.0	0.0	0.0	0.0	0.0	0.0	0.0	0.0	0.0	0.0	0.0	0.0	0.0	0.0	0.0	0.0	0.0	0.0	0.0
Taurine and hypotaurine metabolism	96671.0	70871.0	82803.0	90823.0	35702.0	112571.0	42658.0	45631.0	38277.0	51258.0	39683.0	101161.0	41095.0	13759.0	11288.0	32389.0	41334.0	11628.0	48420.0	8138.0	85969.0	43523.0	18384.0	14982.0	10710.0	15430.0	8421.0
Terpenoid backbone biosynthesis	387747.0	276475.0	326870.0	363589.0	143539.0	445575.0	173011.0	179820.0	149792.0	204033.0	161750.0	396291.0	164312.0	55254.0	45150.0	129433.0	168803.0	46385.0	193581.0	32366.0	339178.0	178323.0	73620.0	60193.0	43132.0	61873.0	33307.0
Tetracycline biosynthesis	101315.0	70686.0	86663.0	103450.0	41554.0	116446.0	47506.0	47595.0	41923.0	51904.0	42378.0	105237.0	42608.0	14481.0	11421.0	33937.0	45696.0	12026.0	51616.0	8575.0	85009.0	46259.0	19464.0	15800.0	10914.0	16472.0	8886.0
Thiamine metabolism	282333.0	193504.0	239880.0	272844.0	113203.0	321061.0	127956.0	133321.0	109664.0	145627.0	114186.0	287152.0	115941.0	41114.0	32790.0	93315.0	122866.0	34038.0	141394.0	24131.0	242337.0	126250.0	54914.0	44451.0	30902.0	46244.0	24978.0
Tight junction	142.0	154.0	123.0	119.0	53.0	131.0	76.0	75.0	61.0	101.0	71.0	158.0	71.0	16.0	8.0	73.0	76.0	10.0	65.0	9.0	128.0	93.0	17.0	15.0	13.0	19.0	11.0
Toluene degradation	185366.0	128100.0	158119.0	153931.0	67738.0	218397.0	80027.0	87026.0	68363.0	94609.0	69606.0	188333.0	74856.0	27766.0	22573.0	60016.0	73077.0	23206.0	89339.0	16114.0	163354.0	79989.0	37344.0	30337.0	21572.0	31094.0	16934.0
Toxoplasmosis	5529.0	5118.0	5214.0	3705.0	1444.0	7035.0	2370.0	2300.0	2322.0	2975.0	2565.0	6476.0	2809.0	585.0	492.0	2126.0	2504.0	509.0	3171.0	346.0	4523.0	2692.0	809.0	632.0	581.0	725.0	320.0
Transcription factors	1072839.0	747658.0	928166.0	965971.0	399683.0	1259347.0	462307.0	503769.0	421160.0	556491.0	414967.0	1095352.0	441287.0	159989.0	130050.0	349460.0	432544.0	133601.0	533020.0	93843.0	947324.0	461385.0	215011.0	173923.0	123425.0	177446.0	99365.0
Transcription machinery	616988.0	449112.0	523013.0	594670.0	235018.0	711471.0	281300.0	291228.0	247918.0	331542.0	259988.0	645965.0	264130.0	87018.0	70335.0	206561.0	268706.0	73132.0	312829.0	51654.0	544086.0	281035.0	115279.0	95037.0	67153.0	97979.0	52821.0
Transcription related proteins	1791.0	1600.0	1711.0	1333.0	449.0	2404.0	796.0	761.0	972.0	1373.0	1276.0	1884.0	1129.0	175.0	132.0	730.0	790.0	149.0	1305.0	93.0	1357.0	732.0	233.0	193.0	145.0	172.0	93.0
Translation factors	282146.0	198491.0	241008.0	285039.0	113851.0	325664.0	129868.0	133699.0	112700.0	148069.0	117546.0	291388.0	119460.0	40735.0	32637.0	94818.0	126368.0	33836.0	144164.0	24144.0	244786.0	128124.0	54606.0	44237.0	30809.0	46073.0	24877.0
Translation proteins	523349.0	363247.0	449142.0	533225.0	214422.0	604029.0	242620.0	248443.0	211538.0	271286.0	215371.0	539187.0	219925.0	75551.0	60459.0	175180.0	234259.0	62783.0	267272.0	44850.0	448762.0	237346.0	101540.0	82345.0	56772.0	85518.0	46321.0
Transporters	4649016.0	3273753.0	3964800.0	4263777.0	1674473.0	5393526.0	1987359.0	2137257.0	1829097.0	2400532.0	1888318.0	4776617.0	1944945.0	671560.0	550483.0	1529388.0	1956106.0	561486.0	2319182.0	391842.0	4063128.0	2070481.0	899823.0	727061.0	530450.0	749961.0	415664.0
Tropane, piperidine and pyridine alkaloid biosynthesis	94048.0	66587.0	80057.0	86387.0	34503.0	109649.0	41996.0	43803.0	37266.0	49336.0	38346.0	95471.0	39626.0	13504.0	11000.0	31254.0	40013.0	11252.0	47118.0	7892.0	82566.0	41787.0	17970.0	14731.0	10628.0	15043.0	8186.0
Tryptophan metabolism	590992.0	424109.0	502962.0	456841.0	196636.0	704970.0	247278.0	270747.0	218237.0	309192.0	228004.0	605042.0	244433.0	87567.0	72329.0	191862.0	227023.0	74096.0	284975.0	50714.0	529870.0	254588.0	117034.0	95237.0	70193.0	97113.0	53039.0
Tuberculosis	111660.0	79240.0	93002.0	138015.0	47247.0	123379.0	56463.0	51453.0	48706.0	58470.0	53529.0	118088.0	49610.0	14316.0	11598.0	38957.0	59431.0	12011.0	59685.0	8568.0	93917.0	57836.0	19218.0	15742.0	11273.0	16525.0	8675.0
Two-component system	1926175.0	1278850.0	1682316.0	1828182.0	785530.0	2262386.0	846420.0	918738.0	769303.0	965221.0	720511.0	1982577.0	762928.0	298374.0	239022.0	622879.0	779524.0	245892.0	954765.0	174717.0	1684918.0	810392.0	404674.0	322695.0	221316.0	330240.0	187685.0
Type I diabetes mellitus	39299.0	27665.0	33303.0	40103.0	15606.0	44640.0	18267.0	18377.0	15576.0	20637.0	16624.0	40438.0	16550.0	5602.0	4495.0	13139.0	17976.0	4655.0	19888.0	3293.0	34274.0	18318.0	7483.0	6047.0	4318.0	6285.0	3392.0
Type II diabetes mellitus	28928.0	19892.0	24336.0	37542.0	12558.0	32650.0	14396.0	13487.0	13032.0	14987.0	13682.0	30680.0	12681.0	3918.0	3206.0	9975.0	15213.0	3272.0	15609.0	2345.0	24909.0	14600.0	5337.0	4316.0	3021.0	4440.0	2468.0
Tyrosine metabolism	378898.0	266046.0	322569.0	350463.0	141712.0	446064.0	170624.0	178135.0	147323.0	198108.0	152100.0	383027.0	158207.0	55184.0	45244.0	124859.0	159868.0	46262.0	188367.0	32467.0	336550.0	168030.0	74157.0	60485.0	43494.0	61510.0	33905.0
Ubiquinone and other terpenoid-quinone biosynthesis	305438.0	207362.0	259906.0	327718.0	127533.0	348009.0	143311.0	143767.0	124434.0	155430.0	129661.0	315438.0	127336.0	43970.0	35161.0	102323.0	141809.0	36455.0	155348.0	25845.0	260869.0	142237.0	59225.0	47833.0	33206.0	49534.0	26942.0
Ubiquitin system	12860.0	10643.0	10153.0	13594.0	3910.0	13850.0	6169.0	5625.0	5166.0	7741.0	6954.0	12934.0	6292.0	1485.0	1258.0	4570.0	6772.0	1331.0	6918.0	876.0	11047.0	7127.0	1853.0	1610.0	1300.0	1734.0	802.0
VEGF signaling pathway	97.0	71.0	91.0	41.0	11.0	76.0	26.0	24.0	27.0	35.0	41.0	77.0	31.0	16.0	10.0	18.0	21.0	12.0	31.0	5.0	40.0	53.0	13.0	14.0	11.0	9.0	6.0
Valine, leucine and isoleucine biosynthesis	548612.0	392145.0	466661.0	522984.0	209544.0	636513.0	247362.0	256529.0	215572.0	289254.0	228201.0	563865.0	232567.0	78965.0	63761.0	183093.0	239826.0	65939.0	277698.0	46515.0	479015.0	247643.0	105243.0	85731.0	61207.0	89071.0	47769.0
Valine, leucine and isoleucine degradation	859377.0	610340.0	735725.0	670069.0	296658.0	1024265.0	359190.0	397206.0	316880.0	447767.0	326398.0	882433.0	350773.0	129396.0	105892.0	278459.0	328345.0	108953.0	415050.0	75045.0	771122.0	363875.0	172935.0	139805.0	101654.0	143199.0	78530.0
Various types of N-glycan biosynthesis	96.0	110.0	85.0	112.0	16.0	117.0	48.0	46.0	19.0	110.0	106.0	62.0	83.0	7.0	8.0	48.0	76.0	3.0	110.0	6.0	76.0	30.0	11.0	12.0	8.0	8.0	4.0
Vascular smooth muscle contraction	0.0	0.0	0.0	0.0	0.0	0.0	0.0	0.0	0.0	0.0	0.0	0.0	0.0	0.0	0.0	0.0	0.0	0.0	0.0	0.0	0.0	0.0	0.0	0.0	0.0	0.0	0.0
Vasopressin-regulated water reabsorption	48.0	55.0	52.0	32.0	14.0	85.0	27.0	21.0	28.0	36.0	29.0	76.0	33.0	9.0	7.0	22.0	34.0	5.0	38.0	4.0	49.0	30.0	9.0	6.0	8.0	10.0	5.0
Vibrio cholerae infection	577.0	556.0	484.0	469.0	198.0	595.0	262.0	280.0	306.0	334.0	319.0	893.0	257.0	60.0	35.0	240.0	273.0	47.0	270.0	33.0	507.0	317.0	64.0	63.0	44.0	65.0	32.0
Vibrio cholerae pathogenic cycle	72689.0	48124.0	63725.0	84200.0	32301.0	85889.0	34691.0	34984.0	31255.0	36735.0	30084.0	77499.0	29826.0	11048.0	8830.0	24343.0	33664.0	9215.0	37721.0	6574.0	64021.0	33372.0	15197.0	12112.0	8125.0	12373.0	7058.0
Viral myocarditis	5669.0	5268.0	5335.0	3822.0	1497.0	7162.0	2443.0	2374.0	2383.0	3075.0	2632.0	6630.0	2872.0	601.0	500.0	2199.0	2580.0	519.0	3234.0	355.0	4648.0	2782.0	826.0	647.0	594.0	744.0	331.0
Vitamin B6 metabolism	120921.0	87703.0	103364.0	117158.0	45464.0	140146.0	54454.0	56294.0	48239.0	64286.0	51561.0	125178.0	52299.0	17215.0	13927.0	40991.0	53705.0	14420.0	61803.0	10143.0	105806.0	55860.0	22816.0	18651.0	13389.0	19423.0	10369.0
Wnt signaling pathway	43.0	43.0	34.0	29.0	14.0	49.0	17.0	17.0	23.0	40.0	44.0	62.0	26.0	6.0	3.0	20.0	33.0	2.0	30.0	2.0	34.0	18.0	3.0	3.0	2.0	5.0	0.0
Xylene degradation	114890.0	68833.0	98912.0	88011.0	48021.0	130436.0	47215.0	56390.0	36772.0	54492.0	35875.0	110321.0	39870.0	19257.0	15075.0	34431.0	40456.0	15760.0	51154.0	10941.0	101158.0	44277.0	26237.0	20543.0	13706.0	21076.0	11886.0
Zeatin biosynthesis	21613.0	15363.0	18391.0	21653.0	8569.0	24841.0	9947.0	10131.0	8675.0	11350.0	9094.0	22305.0	9219.0	3089.0	2475.0	7303.0	9733.0	2565.0	11051.0	1824.0	18668.0	9931.0	4117.0	3350.0	2355.0	3497.0	1863.0
alpha-Linolenic acid metabolism	48372.0	32733.0	41117.0	40537.0	17904.0	55891.0	20270.0	22938.0	17440.0	24731.0	17760.0	48039.0	19092.0	7444.0	6020.0	15413.0	18763.0	6152.0	22877.0	4285.0	43272.0	20481.0	9951.0	7971.0	5662.0	8203.0	4513.0
beta-Alanine metabolism	428890.0	310805.0	364160.0	337043.0	138111.0	512631.0	179060.0	192857.0	159693.0	224639.0	171045.0	442935.0	179455.0	62647.0	52136.0	140694.0	168712.0	53279.0	208703.0	36207.0	384577.0	187804.0	83588.0	67902.0	50870.0	69189.0	37843.0
beta-Lactam resistance	25506.0	19228.0	21434.0	28078.0	9214.0	31022.0	12725.0	11431.0	11418.0	13655.0	11620.0	25391.0	11785.0	3375.0	2901.0	8702.0	11856.0	2915.0	13413.0	2091.0	22361.0	12201.0	4525.0	3941.0	2920.0	3883.0	2126.0
mRNA surveillance pathway	637.0	548.0	499.0	371.0	104.0	743.0	199.0	258.0	217.0	460.0	470.0	626.0	361.0	96.0	70.0	225.0	277.0	68.0	453.0	48.0	528.0	210.0	112.0	85.0	75.0	117.0	47.0
mTOR signaling pathway	49.0	50.0	55.0	42.0	8.0	78.0	30.0	26.0	12.0	79.0	78.0	23.0	49.0	3.0	4.0	29.0	22.0	2.0	77.0	2.0	43.0	14.0	5.0	5.0	3.0	2.0	2.0
p53 signaling pathway	5889.0	5478.0	5516.0	4215.0	1698.0	7577.0	2704.0	2566.0	2552.0	3270.0	2760.0	6791.0	3065.0	622.0	516.0	2298.0	2733.0	537.0	3441.0	375.0	4892.0	2853.0	850.0	683.0	601.0	768.0	339.0