"Node Name"	"node.degree"	"node.betw"	"node.stress"	"node.evcent"	"Clustering.Coefficient"
"OTU_52"	112	4.95945159863626	326	0.0967826428065438	0.947554697554698
"OTU_12"	114	6.254891840445	408	0.0979644688646727	0.936655798789008
"OTU_81"	83	0.946880940237754	70	0.0729617123201676	0.979429914781076
"OTU_39"	111	3.14677196660267	262	0.0964000567612369	0.957084357084357
"OTU_2"	113	9.91963115140149	380	0.0972634772917162	0.939949431099874
"OTU_3"	113	4.23898288406497	333	0.0976479653524203	0.947376738305942
"OTU_1"	104	1.52527831101304	130	0.0911574788341715	0.975728155339806
"OTU_5"	113	4.23898288406497	333	0.0976479653524203	0.947376738305942
"OTU_262"	108	10.8730732758776	304	0.0933036172487879	0.947386638975424
"OTU_67"	94	1.22631041535316	101	0.0823858788588406	0.976893159460078
"OTU_49"	113	10.4982449207941	408	0.0970399332101086	0.935524652338812
"OTU_111"	109	2.65921746939696	223	0.0949047475235956	0.962113489636425
"OTU_23"	112	13.2660070630141	423	0.0959773086031565	0.931949806949807
"OTU_62"	100	3.3707504253875	196	0.0868760487266952	0.96040404040404
"OTU_8"	115	12.9776593507125	507	0.0980921630587565	0.922654462242563
"OTU_58"	111	3.04101488722768	255	0.096453885899055	0.958230958230958
"OTU_43"	115	15.1161583517115	509	0.0980712075595119	0.922349351639969
"OTU_16"	91	0.868474790373815	73	0.0801618009947223	0.982173382173382
"OTU_20"	114	6.254891840445	408	0.0979644688646727	0.936655798789008
"OTU_30"	108	2.35914250940239	199	0.0941868224540191	0.965559016960886
"OTU_9"	114	6.254891840445	408	0.0979644688646727	0.936655798789008
"OTU_37"	105	2.40279540001639	188	0.0915714954600073	0.965567765567766
"OTU_94"	113	4.23898288406497	333	0.0976479653524203	0.947376738305942
"OTU_783"	39	0.0701811645338983	6	0.0344849576653659	0.991902834008097
"OTU_10"	101	1.47551774635678	113	0.0886261246515695	0.977623762376238
"OTU_38"	112	3.8199852398945	302	0.0969846158340616	0.951415701415701
"OTU_32"	98	0.977895447070111	84	0.0861861417684218	0.982326951399116
"OTU_14"	92	0.921001717956818	77	0.0807771270305966	0.981605351170569
"OTU_53"	114	6.254891840445	408	0.0979644688646727	0.936655798789008
"OTU_22"	113	4.23898288406497	333	0.0976479653524203	0.947376738305942
"OTU_69"	114	10.8506392832214	431	0.0977756595465041	0.933084924701133
"OTU_185"	88	0.899476946644327	67	0.0774947898189126	0.982497387669801
"OTU_61"	111	3.04101488722768	255	0.096453885899055	0.958230958230958
"OTU_85"	114	6.254891840445	408	0.0979644688646727	0.936655798789008
"OTU_13"	114	6.254891840445	408	0.0979644688646727	0.936655798789008
"OTU_4"	85	0.283265243112822	25	0.0750898219854048	0.992997198879552
"OTU_138"	110	3.28763035859407	260	0.0955008532282421	0.956630525437865
"OTU_7"	114	6.254891840445	408	0.0979644688646727	0.936655798789008
"OTU_18"	112	5.5550103871775	357	0.09653504795063	0.942567567567568
"OTU_513"	112	3.39888384315419	283	0.0971357830976324	0.95447232947233
"OTU_59"	112	3.8199852398945	302	0.0969846158340616	0.951415701415701
"OTU_54"	112	3.39888384315419	283	0.0971357830976324	0.95447232947233
"OTU_72"	114	6.254891840445	408	0.0979644688646727	0.936655798789008
"OTU_102"	16	0	0	0.01391304900487	1
"OTU_93"	109	2.44510403940688	207	0.095019164494229	0.964831804281346
"OTU_780"	63	0.156955965792484	13	0.0558053313464469	0.993343573988735
"OTU_938"	112	3.8199852398945	302	0.0969846158340616	0.951415701415701
"OTU_24"	115	12.9776593507125	507	0.0980921630587565	0.922654462242563
"OTU_28"	111	3.68500683912394	289	0.0961676903054944	0.952661752661753
"OTU_66"	113	4.23898288406497	333	0.0976479653524203	0.947376738305942
"OTU_246"	112	3.8199852398945	302	0.0969846158340616	0.951415701415701
"OTU_161"	114	10.8506392832214	431	0.0977756595465041	0.933084924701133
"OTU_21"	111	3.08696571900688	258	0.0964245346339656	0.957739557739558
"OTU_157"	104	14.3801048928103	307	0.0895878859734555	0.942681105302465
"OTU_119"	109	10.1443282713319	300	0.0942612464178753	0.949031600407747
"OTU_48"	113	19.9616916881065	526	0.0960553587704353	0.916877370417193
"OTU_242"	113	5.87884106633667	379	0.0972825716660952	0.940107458912769
"OTU_76"	110	3.37208979304616	265	0.0954698683109272	0.955796497080901
"OTU_33"	112	3.39888384315419	283	0.0971357830976324	0.95447232947233
"OTU_98"	113	11.8672932115635	382	0.0972425217924716	0.939633375474083
"OTU_112"	94	11.7411647249087	214	0.0813752743567183	0.951040951727294
"OTU_17"	111	3.1872531707531	265	0.0963796441377883	0.956592956592957
"OTU_29"	114	6.254891840445	408	0.0979644688646727	0.936655798789008
"OTU_418"	107	16.4020576073871	375	0.0917650918371635	0.933874096279316
"OTU_110"	110	3.57521632764715	279	0.0953359888976502	0.953461217681401
"OTU_304"	114	6.254891840445	408	0.0979644688646727	0.936655798789008
"OTU_40"	106	4.27385292363855	272	0.0917796790624383	0.951123090745732
"OTU_57"	104	1.76819463269926	149	0.0909741428799705	0.97218073188947
"OTU_73"	114	6.254891840445	408	0.0979644688646727	0.936655798789008
"OTU_75"	114	6.254891840445	408	0.0979644688646727	0.936655798789008
"OTU_485"	113	4.23898288406497	333	0.0976479653524203	0.947376738305942
"OTU_123"	103	0.956302853512993	86	0.0906926424026965	0.983628402817438
"OTU_47"	99	1.73562392857712	145	0.0865750211045056	0.970109255823542
"OTU_60"	114	6.254891840445	408	0.0979644688646727	0.936655798789008
"OTU_46"	108	2.89743047648225	226	0.0939415796786259	0.960886119764624
"OTU_74"	112	11.5358045678854	423	0.0959919698174187	0.931949806949807
"OTU_34"	86	7.80539747526917	194	0.074296793284448	0.946922024623803
"OTU_88"	112	3.9783702306555	312	0.0969011017374014	0.94980694980695
"OTU_86"	113	4.23898288406497	333	0.0976479653524203	0.947376738305942
"OTU_6"	113	4.23898288406497	333	0.0976479653524203	0.947376738305942
"OTU_125"	111	11.1763270055322	402	0.0952358308575746	0.934152334152334
"OTU_31"	109	2.35343146707414	201	0.095072993632047	0.965851172273191
"OTU_113"	110	3.24218919735132	256	0.0955366472398001	0.957297748123436
"OTU_44"	96	13.5671848191902	276	0.0825260039391662	0.939473684210526
"OTU_236"	104	1.93763921540399	151	0.0910350479599973	0.971807318894698
"OTU_55"	114	6.254891840445	408	0.0979644688646727	0.936655798789008
"OTU_100"	109	3.1159402359936	244	0.0947302831263949	0.958545701664968
"OTU_87"	113	5.38145946620088	357	0.0974522866098848	0.94358407079646
"OTU_80"	95	1.06753097708387	90	0.0834680773677308	0.979843225083987
"OTU_70"	105	1.62320332731486	140	0.0919836910866148	0.974358974358974
"OTU_82"	114	6.254891840445	408	0.0979644688646727	0.936655798789008
"OTU_241"	106	2.10117147769444	165	0.0926813088328173	0.970350404312669
"OTU_65"	106	1.92834914075564	164	0.0926955402394363	0.970530098831986
"OTU_89"	110	2.69721591595839	228	0.0957548908306245	0.961968306922435
"OTU_190"	115	12.9776593507125	507	0.0980921630587566	0.922654462242563
"OTU_107"	108	2.08298764455777	180	0.0943574751870244	0.968847352024922
"OTU_140"	103	1.64372269853597	138	0.0901396091317985	0.97372929754426
"OTU_78"	109	4.14763425734157	263	0.0945702077816513	0.955317703024125
"OTU_56"	114	6.254891840445	408	0.0979644688646727	0.936655798789008
"OTU_908"	82	0.46602210816163	41	0.0722759121851515	0.987654320987654
"OTU_77"	90	5.91648052842736	108	0.0787588486696876	0.973033707865169
"OTU_92"	109	4.31275388186767	273	0.0944824265548113	0.95361875637105
"OTU_120"	114	12.6391997840397	487	0.0973260916630725	0.924390622574134
"OTU_184"	109	4.74020442671956	293	0.0943258363318676	0.9502208630649
"OTU_209"	108	2.11663515988315	182	0.0943446776972469	0.968501211491866
"OTU_146"	112	3.39888384315419	283	0.0971357830976324	0.95447232947233
"OTU_45"	104	3.46082876419118	201	0.0905141844361591	0.962471994025392
"OTU_334"	102	13.5574635582079	282	0.0880024354849654	0.945253348864298
"OTU_63"	110	3.45140652142328	270	0.0954218547255519	0.954962468723937
"OTU_126"	112	3.8199852398945	302	0.0969846158340617	0.951415701415701
"OTU_127"	112	3.39888384315419	283	0.0971357830976324	0.95447232947233
"OTU_115"	110	2.74318127012263	231	0.0957426374353881	0.961467889908257
"OTU_114"	109	10.2970825568015	294	0.0942854584879568	0.950050968399592
"OTU_252"	112	3.86946327296356	305	0.0969587897233561	0.950933075933076
"OTU_108"	112	3.39888384315419	283	0.0971357830976324	0.95447232947233
"OTU_572"	105	1.70743813053519	145	0.0919851478344642	0.973443223443223
"OTU_95"	14	0.012987012987013	1	0.0116298215603877	0.989010989010989