#OTU ID	KO6	WT8	KO2	KO5	OE2	WT1	WT2	WT4	KO7	KO3	WT6	OE4	KO9	WT3	KO1	KO4	WT5	KO8	OE6	OE5	WT7	OE7	WT9	OE1	OE8	OE9	OE3
OTU_52	30	12	16	23	3	15	20	16	28	11	11	17	22	32	19	19	20	15	7	16	22	6	16	15	42	22	0
OTU_12	463	150	327	333	347	296	316	339	330	181	273	289	339	369	354	326	367	286	284	335	415	272	303	348	281	316	200
OTU_26	36	44	37	44	38	24	32	29	23	20	50	34	40	35	42	28	11	37	26	51	30	35	41	33	42	32	25
OTU_81	47	53	40	235	104	47	24	66	108	42	360	140	72	47	66	54	34	84	112	137	75	141	51	99	68	99	123
OTU_39	33	24	40	24	66	25	41	32	43	33	24	38	31	32	27	24	24	73	35	70	35	35	22	66	74	47	64
OTU_2	757	438	1017	552	1034	505	331	607	641	640	379	778	550	526	1141	636	611	1189	683	750	606	764	493	677	764	665	884
OTU_3	493	1031	671	1061	990	625	555	815	742	386	791	1101	855	847	705	1105	711	602	975	1031	506	1105	732	986	880	1089	1109
OTU_1	753	1972	875	875	403	2652	2158	1450	1189	3073	1628	378	691	1367	918	1075	2090	770	438	359	1238	393	1821	396	398	450	357
OTU_5	385	127	219	263	271	259	237	256	300	83	209	213	305	357	189	273	216	233	217	193	316	228	249	279	285	200	204
OTU_262	33	20	27	22	50	32	47	17	77	13	15	72	41	35	26	70	45	74	54	54	76	35	28	66	61	58	25
OTU_67	30	26	9	9	16	4	11	11	11	24	20	4	7	14	11	8	10	15	9	19	11	19	11	9	29	15	17
OTU_15	72	106	79	54	57	58	56	55	56	44	57	60	61	64	75	57	42	79	100	99	64	96	99	69	113	97	64
OTU_49	666	985	661	788	1176	529	437	642	788	573	441	1310	1016	675	913	693	533	964	1322	1240	706	1275	722	1166	1051	1136	1381
OTU_111	375	626	382	458	681	276	302	503	517	646	252	497	576	339	451	379	223	549	739	715	275	789	437	560	628	607	994
OTU_23	175	45	152	137	132	106	170	83	133	55	90	106	172	131	122	162	207	134	196	188	201	255	81	234	281	140	183
OTU_62	15	2	10	9	9	7	11	8	16	2	9	13	17	18	9	15	10	20	5	21	13	19	8	30	10	26	8
OTU_8	109	43	87	94	139	65	79	98	124	50	71	162	74	138	75	106	145	105	138	129	136	112	74	135	165	148	68
OTU_58	26	13	73	27	16	43	51	54	41	31	24	30	25	40	31	28	17	31	35	32	52	21	21	60	29	39	38
OTU_43	43	9	19	22	9	23	42	20	22	17	22	34	32	24	17	34	39	22	37	40	30	25	13	30	19	56	17
OTU_16	33	6	66	114	13	42	48	66	16	28	492	17	28	58	35	44	36	11	28	19	57	27	11	18	23	22	25
OTU_20	132	68	116	115	126	102	99	106	108	70	102	106	234	112	130	154	80	103	117	104	171	135	107	141	107	118	127
OTU_30	25	30	22	20	13	33	23	29	16	26	27	21	28	33	29	19	16	12	16	11	33	6	37	9	13	13	17
OTU_9	170	62	90	145	76	113	84	124	120	52	82	132	116	155	96	128	148	92	96	80	108	83	105	90	104	86	72
OTU_37	88	49	52	65	72	47	159	72	317	13	164	43	71	77	50	80	51	88	47	54	61	48	41	90	29	28	51
OTU_627	1	1	1	0	0	0	0	0	0	1	0	0	0	0	0	0	0	0	0	0	0	0	0	0	0	0	0
OTU_94	27	11	25	26	16	25	22	29	37	17	17	17	25	25	14	22	26	16	21	13	24	29	15	15	26	11	13
OTU_176	4	1	7	5	13	5	5	5	6	3	4	4	4	3	3	3	4	5	7	0	4	6	3	3	10	2	0
OTU_783	6	3	3	5	16	3	10	4	4	3	5	13	21	9	8	6	45	6	5	35	7	10	7	9	13	15	8
OTU_10	95	5	80	32	28	32	82	51	128	6	54	43	43	121	21	34	41	34	30	19	202	27	48	24	23	17	21
OTU_116	10	1	7	5	9	16	20	8	7	2	7	13	13	7	6	7	4	4	7	11	11	4	9	12	16	15	17
OTU_27	35	26	20	7	63	21	9	40	28	6	52	38	44	6	19	21	8	22	63	48	15	52	18	63	26	155	0
OTU_38	11	7	18	15	16	18	10	19	20	10	10	4	27	14	5	13	11	10	12	11	14	21	9	12	13	9	17
OTU_727	1	16	3	3	0	1	3	2	1	7	8	9	2	2	6	3	2	4	2	3	1	0	8	9	3	0	0
OTU_32	57	72	69	22	38	109	70	54	19	93	36	30	27	39	67	43	69	69	51	21	61	15	111	45	13	49	17
OTU_14	35	12	24	15	16	14	9	32	11	244	31	13	43	25	24	8	10	22	9	16	30	14	19	9	6	34	21
OTU_53	99	42	83	112	113	74	82	60	96	47	69	85	170	64	64	139	132	173	114	62	153	100	103	117	178	103	136
OTU_22	103	58	154	153	82	97	86	175	99	135	84	68	203	94	97	113	101	94	98	83	149	112	90	87	94	84	55
OTU_851	0	0	1	0	0	0	1	0	0	0	1	0	0	1	0	1	0	1	0	0	0	0	1	0	0	0	0
OTU_410	1	1	1	32	0	1	3	5	2	1	3	0	2	1	1	1	1	1	0	0	7	4	0	0	6	0	0
OTU_69	17	5	27	34	6	12	13	15	18	12	10	34	14	12	15	13	9	15	5	16	24	10	11	6	13	9	8
OTU_185	69	185	94	173	208	90	205	195	211	73	543	166	99	138	153	320	117	124	247	236	116	266	163	234	317	295	212
OTU_61	24	12	19	20	6	16	9	10	16	6	8	21	12	26	19	19	29	16	21	16	20	12	14	24	13	17	13
OTU_583	4	7	5	2	6	16	11	5	2	5	3	9	3	5	5	4	8	1	12	5	4	0	11	0	6	11	8
OTU_85	48	26	39	60	25	51	44	32	41	25	31	51	43	44	37	48	55	36	21	40	34	50	31	63	49	52	25
OTU_356	1	2	0	0	0	1	0	1	0	2	0	0	0	1	1	0	0	1	0	0	0	0	2	0	0	0	0
OTU_13	195	100	147	178	221	156	275	139	194	74	113	217	158	132	107	156	234	137	210	185	164	195	91	279	201	198	251
OTU_4	258	1028	433	170	199	576	200	297	124	946	309	519	196	226	512	255	427	347	373	190	319	164	933	237	159	316	191
OTU_138	15	8	12	21	19	11	13	11	21	6	33	30	16	28	9	21	24	26	19	16	24	21	8	21	13	6	4
OTU_50	18	16	32	28	22	10	25	17	20	12	13	9	23	17	15	17	12	25	19	13	16	29	20	24	19	45	38
OTU_7	317	124	222	202	214	178	207	168	254	92	156	221	235	284	212	208	229	176	187	190	238	187	170	195	259	185	161
OTU_18	137	64	105	117	186	88	120	126	98	53	191	170	219	150	157	170	170	164	221	193	152	154	95	183	214	129	178
OTU_314	2	2	1	1	0	1	1	0	1	1	2	0	2	3	5	2	3	1	0	0	1	4	1	0	0	0	0
OTU_221	0	0	1	2	0	1	0	1	0	0	3	0	3	1	0	2	0	1	0	0	1	0	0	0	0	0	0
OTU_84	3	10	4	20	3	6	9	8	9	9	18	4	9	7	5	7	7	7	0	11	12	6	8	3	10	4	4
OTU_513	23	5	27	20	16	19	24	14	12	15	11	26	17	20	16	16	12	18	14	16	22	27	7	27	13	15	21
OTU_59	52	12	39	38	16	37	56	42	41	19	34	26	37	32	21	32	31	36	19	13	38	29	20	48	52	24	8
OTU_54	35	18	34	32	22	18	25	26	24	19	21	17	22	42	23	18	15	26	19	27	19	21	18	33	13	17	8
OTU_72	43	21	40	28	44	25	36	26	42	8	31	43	43	67	33	36	39	31	33	32	40	25	30	27	19	30	21
OTU_323	3	1	1	2	0	1	1	2	1	1	3	4	1	2	3	2	1	2	2	0	0	0	1	3	0	2	0
OTU_99	22	23	44	15	28	13	3	17	19	20	8	30	18	13	38	11	6	26	19	13	12	33	22	12	19	26	59
OTU_102	4	1	4	62	9	2	2	8	9	3	1	4	5	2	13	4	4	4	12	48	6	2	11	3	13	6	4
OTU_128	8	4	11	6	6	4	11	10	7	5	1	4	4	10	6	6	8	5	5	8	10	2	3	3	10	0	4
OTU_93	44	20	40	14	38	19	14	14	16	31	10	47	15	21	40	16	31	32	23	24	19	27	16	15	23	15	30
OTU_780	32	8	28	50	28	16	28	20	34	5	128	38	162	7	17	17	43	32	93	29	14	37	76	36	39	32	51
OTU_938	17	5	20	14	13	19	10	13	16	6	12	17	17	11	11	13	11	15	7	11	18	12	12	18	19	11	4
OTU_239	0	0	2	2	0	0	18	1	1	0	1	0	1	2	1	3	1	1	2	5	0	0	4	9	0	2	0
OTU_24	52	18	41	44	44	30	38	44	52	38	27	30	46	64	36	47	51	30	37	43	36	23	36	45	26	43	34
OTU_28	65	40	39	43	41	21	40	23	88	13	32	34	33	47	19	43	70	37	42	19	41	25	56	36	45	41	25
OTU_11	86	213	121	86	107	56	25	73	69	136	53	77	75	73	98	89	35	161	75	46	55	100	118	162	84	140	149
OTU_171	5	7	7	5	3	5	3	5	3	3	3	4	4	8	3	7	3	11	5	0	5	8	3	3	16	2	17
OTU_423	2	3	2	2	0	4	5	3	3	0	2	4	4	2	3	1	2	1	2	0	2	0	0	3	0	0	0
OTU_66	20	6	14	23	16	24	14	19	22	11	10	17	16	18	9	19	15	17	12	8	16	12	12	27	6	19	8
OTU_202	5	6	6	6	0	5	3	4	5	4	8	4	4	4	7	5	6	7	5	3	3	2	4	3	0	2	4
OTU_246	18	7	21	13	13	16	11	19	21	6	11	0	13	18	5	13	11	16	12	11	12	15	7	21	10	15	21
OTU_290	4	3	3	9	0	6	4	5	5	5	10	0	4	4	2	9	3	5	2	3	7	2	11	3	0	0	0
OTU_130	4	2	4	3	3	4	3	4	2	1	4	4	11	6	3	4	0	7	0	8	13	6	14	12	0	2	13
OTU_161	13	7	22	21	13	15	11	11	14	11	14	30	9	7	11	14	14	15	14	21	14	12	12	24	23	6	8
OTU_265	5	1	3	6	0	3	5	2	2	0	3	0	2	5	0	2	1	1	7	5	2	0	6	3	0	0	0
OTU_333	0	1	0	1	0	1	3	2	2	1	1	0	2	1	0	0	1	0	0	0	1	0	3	3	0	2	0
OTU_712	1	0	2	1	0	1	1	2	1	1	1	0	0	1	0	2	1	1	0	0	1	0	0	0	0	2	0
OTU_790	0	0	0	1	0	0	0	1	0	0	0	0	0	1	0	0	0	0	0	3	0	0	0	0	0	0	0
OTU_21	81	31	94	44	66	40	57	41	31	59	48	55	34	73	130	49	36	99	63	96	52	46	24	48	42	43	47
OTU_157	7	1	7	6	6	3	8	4	7	2	4	0	4	5	6	4	8	5	9	5	3	4	5	12	10	4	8
OTU_230	12	6	9	9	6	8	18	7	31	9	15	13	16	4	9	13	6	8	12	8	8	2	1	18	13	6	25
OTU_288	3	1	1	0	0	1	1	1	3	2	1	0	2	4	1	2	1	1	0	0	5	0	1	0	0	0	0
OTU_119	8	2	5	9	3	5	5	2	4	1	2	0	3	10	3	9	4	8	7	5	6	4	3	3	3	4	8
OTU_848	0	0	0	0	0	0	1	0	0	0	1	0	1	1	0	1	1	0	0	0	1	0	0	0	0	0	0
OTU_48	27	8	19	35	19	12	31	22	29	13	21	21	72	27	15	27	32	19	33	43	46	19	9	21	32	17	25
OTU_71	3	1	3	7	9	1	4	0	37	3	3	0	4	6	4	9	10	11	5	24	30	15	0	21	6	9	8
OTU_242	10	7	5	15	3	8	6	6	7	5	9	13	10	7	8	9	11	7	2	3	8	2	10	6	3	2	0
OTU_76	80	12	48	35	35	15	35	30	40	21	37	34	25	35	42	40	16	40	61	54	18	62	43	63	42	39	59
OTU_457	0	0	0	0	3	1	0	1	0	0	0	0	0	0	0	1	1	1	0	0	0	0	0	0	0	0	0
OTU_33	65	41	70	103	38	101	48	84	63	98	65	60	79	70	82	83	56	58	44	48	70	62	42	51	42	75	72
OTU_233	3	1	1	0	6	3	3	2	2	1	4	0	1	1	3	0	0	1	0	0	1	2	1	0	0	0	0
OTU_98	15	11	15	14	16	12	12	14	17	8	8	13	18	17	10	13	13	14	28	19	14	14	4	9	13	17	21
OTU_350	21	7	8	10	0	9	8	12	5	3	10	9	9	10	3	11	12	12	2	3	5	8	14	0	13	4	0
OTU_471	1	2	0	0	0	1	0	0	1	0	0	0	0	1	0	0	0	0	0	3	0	0	1	0	0	0	0
OTU_112	4	4	14	15	19	6	11	6	10	4	2	9	8	7	7	6	8	6	16	35	6	6	5	15	10	6	4
OTU_68	3	0	0	2	6	6	2	62	9	0	0	0	4	8	25	5	3	1	2	11	0	8	1	15	19	0	0
OTU_90	7	23	10	3	3	13	7	7	3	16	1	34	4	8	9	7	5	11	12	11	5	2	14	0	10	11	21
OTU_36	20	32	22	8	19	18	10	18	15	10	24	21	19	21	15	26	13	19	12	13	16	25	24	15	49	32	13
OTU_17	55	9	76	52	22	38	155	114	35	28	54	17	34	40	100	46	48	36	33	27	37	29	10	45	13	30	30
OTU_29	44	64	64	62	101	38	55	43	57	48	66	72	78	65	64	58	68	55	79	134	78	98	68	78	68	112	110
OTU_418	44	12	34	52	57	18	49	40	42	31	13	51	39	29	27	67	80	25	61	48	47	56	27	66	74	32	42
OTU_148	5	2	3	4	6	1	4	5	5	2	6	4	4	2	3	3	4	4	2	0	3	2	1	3	0	2	4
OTU_293	7	0	4	7	3	3	4	6	9	4	1	17	9	8	8	7	3	13	9	8	4	12	4	6	6	6	25
OTU_110	11	13	5	10	9	5	10	10	8	6	12	4	11	6	5	9	7	8	5	3	9	10	5	3	3	6	17
OTU_304	9	5	7	18	3	5	10	8	9	4	13	4	14	10	9	14	11	9	5	8	10	12	6	3	6	2	4
OTU_104	2	12	4	1	6	1	3	2	13	6	0	0	6	7	22	2	1	3	0	0	3	2	4	3	0	0	4
OTU_40	25	9	10	30	6	6	10	11	5	28	13	13	43	26	17	25	19	11	16	16	18	37	5	12	19	13	13
OTU_141	8	2	7	3	0	6	6	4	5	1	4	13	2	4	1	2	3	2	0	5	2	2	3	3	0	2	0
OTU_402	4	2	7	7	6	3	3	4	4	3	3	4	5	4	1	4	6	3	5	11	4	0	3	6	3	6	8
OTU_57	4	21	5	12	3	10	11	7	4	11	6	9	10	6	9	7	7	23	9	8	10	4	13	6	6	6	4
OTU_73	62	31	40	62	79	29	43	35	34	17	33	64	35	37	38	57	71	50	54	38	55	54	37	57	65	54	25
OTU_168	4	2	3	3	3	4	3	4	2	3	3	0	4	5	2	4	3	0	2	0	3	2	3	0	3	2	0
OTU_42	20	5	22	19	0	9	11	11	13	2	6	4	18	17	6	14	16	14	9	3	13	4	13	6	3	6	4
OTU_75	39	8	36	34	19	30	24	33	32	8	19	9	31	34	15	32	32	23	14	27	30	27	20	24	13	19	21
OTU_91	28	8	32	13	3	20	16	11	14	6	8	17	12	14	16	5	15	8	12	5	13	6	20	3	0	9	4
OTU_485	19	6	21	17	9	14	11	14	15	11	13	17	11	16	13	15	13	15	9	13	15	14	11	9	13	11	13
OTU_35	53	50	47	43	47	23	28	40	38	19	27	43	49	62	39	35	37	37	51	62	41	52	40	54	81	41	47
OTU_729	11	30	15	13	6	12	10	15	11	20	15	9	18	11	15	10	4	17	7	5	13	4	24	0	10	13	8
OTU_123	19	7	14	12	19	25	22	28	19	8	4	21	13	20	8	20	17	16	19	19	59	23	14	9	42	19	25
OTU_200	5	0	2	2	0	2	5	2	3	2	4	0	1	3	1	2	2	1	0	3	3	2	0	3	3	0	0
OTU_47	29	4	61	6	22	6	14	10	9	20	7	4	7	4	25	10	8	35	7	16	5	6	5	12	16	13	4
OTU_103	5	5	2	8	9	1	5	14	2	2	12	9	6	5	1	5	1	6	12	8	3	8	3	9	13	19	21
OTU_60	61	27	46	39	66	31	56	54	61	28	31	51	49	42	38	38	36	72	33	62	53	35	39	69	74	37	25
OTU_46	24	28	22	17	9	16	32	26	10	13	39	9	17	30	21	17	17	17	16	5	19	10	33	6	10	11	4
OTU_19	94	43	77	66	126	64	82	71	66	24	66	128	65	86	67	74	56	73	93	137	74	118	39	90	97	151	76
OTU_343	23	25	15	37	32	18	34	19	14	2	27	13	26	19	29	20	17	38	19	16	13	46	18	24	39	52	21
OTU_74	13	7	16	14	16	11	30	15	19	4	8	30	17	14	15	12	15	18	19	13	11	10	11	9	26	24	4
OTU_197	11	0	31	15	0	2	17	3	2	0	1	9	14	54	3	20	1	1	9	3	1	4	18	12	3	6	0
OTU_34	38	4	20	38	19	5	63	4	16	15	32	38	34	8	18	32	21	40	21	29	22	39	2	18	39	22	8
OTU_88	13	10	10	14	6	24	19	14	31	8	46	9	15	7	15	17	15	11	7	5	10	10	11	3	13	6	8
OTU_86	29	12	25	21	16	22	36	29	27	15	18	26	18	24	19	20	15	20	19	24	18	12	16	30	16	15	21
OTU_6	162	92	114	87	113	102	80	118	102	43	129	145	93	128	90	102	99	107	100	147	139	147	105	150	136	118	115
OTU_125	38	10	28	30	35	18	34	18	17	8	20	17	37	15	30	20	19	23	30	40	10	8	11	36	39	28	25
OTU_661	24	28	15	17	19	13	17	23	15	10	29	26	19	22	19	20	13	10	16	19	11	12	26	15	10	28	8
OTU_31	20	5	43	21	13	12	53	43	7	11	8	4	21	27	18	14	8	15	12	8	34	10	19	6	10	4	8
OTU_113	9	2	5	5	9	5	2	5	3	1	6	4	4	2	4	6	4	4	2	8	6	4	4	6	3	2	8
OTU_398	2	0	2	1	3	3	0	2	1	1	0	0	1	1	1	0	1	2	0	0	1	4	0	3	0	0	4
OTU_44	17	2	14	15	19	18	9	8	11	12	5	9	19	21	33	22	13	25	19	32	13	21	7	21	16	13	8
OTU_887	2	2	4	5	0	3	5	5	5	4	5	4	1	4	3	4	2	4	5	0	5	4	2	0	0	2	4
OTU_236	9	6	8	11	6	6	42	4	15	3	6	4	6	7	4	8	6	17	12	11	5	8	9	18	19	4	4
OTU_214	5	3	5	11	0	5	3	15	4	5	3	9	4	5	4	5	15	3	5	5	14	12	3	6	10	4	0
OTU_154	9	2	6	5	0	7	7	9	5	1	7	0	6	4	5	5	3	3	5	8	4	4	1	6	6	4	0
OTU_278	0	3	0	1	0	1	1	1	2	1	3	0	1	0	1	1	0	1	0	0	3	2	1	0	0	0	0
OTU_55	29	10	15	20	13	10	24	14	28	8	23	13	26	19	16	20	26	21	14	16	12	25	15	3	3	22	13
OTU_159	10	7	4	5	3	5	3	4	3	2	8	17	8	7	15	4	6	6	5	3	6	4	9	3	0	2	8
OTU_41	25	0	38	28	0	20	29	29	5	20	6	4	8	24	76	20	11	8	16	13	16	8	1	12	10	2	8
OTU_25	72	109	57	50	57	67	45	58	46	48	62	72	62	70	76	55	48	61	63	48	52	66	99	54	107	99	76
OTU_100	7	3	5	6	3	11	9	5	6	10	10	9	5	9	7	6	4	6	14	11	7	8	11	9	6	6	8
OTU_282	0	1	1	0	3	0	0	1	2	0	0	4	2	0	0	0	2	0	0	0	0	0	0	0	0	0	0
OTU_109	9	2	6	9	3	5	3	5	7	3	1	0	4	10	11	8	6	4	0	3	3	4	2	0	0	9	0
OTU_372	0	0	2	0	0	1	3	1	0	3	0	0	1	3	2	1	1	1	0	3	1	0	0	0	0	0	0
OTU_87	30	24	46	40	44	27	15	29	38	29	21	17	29	62	43	43	68	43	26	35	41	41	16	42	23	39	55
OTU_201	5	2	2	3	6	2	1	2	5	0	1	0	1	6	1	6	12	1	2	0	4	2	2	6	6	2	4
OTU_80	18	43	9	15	19	7	20	11	9	11	4	26	7	12	10	13	6	13	12	16	15	14	4	18	23	17	13
OTU_70	30	26	20	21	9	29	18	17	9	15	8	13	14	27	19	18	22	22	14	19	25	17	38	3	13	17	17
OTU_589	0	1	1	1	0	1	1	2	1	0	1	0	0	1	0	0	0	0	0	0	1	2	1	0	0	0	0
OTU_82	20	7	13	12	6	17	16	12	9	9	20	0	17	12	12	11	11	14	5	11	18	10	6	12	13	13	0
OTU_241	7	2	7	4	6	6	8	3	4	2	2	0	5	5	2	4	2	7	5	5	2	4	4	6	10	9	8
OTU_136	5	3	4	3	6	3	4	5	3	1	7	0	5	4	3	6	1	4	0	3	2	2	5	9	3	0	0
OTU_837	1	0	0	0	0	0	0	1	0	1	0	0	0	0	0	0	0	0	0	0	1	0	0	0	0	0	0
OTU_888	3	0	4	4	3	3	4	6	2	0	8	4	3	5	9	2	1	2	2	3	2	6	9	0	0	6	4
OTU_198	0	0	1	0	0	0	1	0	0	0	0	0	0	1	0	12	0	0	0	0	1	0	0	0	0	0	0
OTU_194	11	3	9	6	3	10	14	7	11	2	10	4	9	7	9	7	7	10	5	0	5	0	4	9	3	9	13
OTU_65	28	12	49	14	9	23	16	15	36	9	22	17	7	29	7	14	16	8	23	11	13	4	16	12	10	17	17
OTU_175	4	0	1	3	0	1	5	2	2	2	2	0	1	5	1	2	2	3	2	0	1	4	3	3	0	0	4
OTU_89	19	4	24	10	25	23	32	23	8	13	8	9	11	16	24	15	15	18	12	24	20	12	7	15	16	13	8
OTU_190	43	12	35	35	25	29	36	36	35	24	28	34	31	43	25	32	34	58	21	51	44	31	21	24	55	41	38
OTU_216	6	2	4	6	0	6	3	2	4	1	3	0	3	8	3	3	6	5	5	0	5	0	3	0	10	9	0
OTU_107	8	3	23	12	9	17	27	16	10	7	8	0	11	19	13	11	10	15	14	8	18	15	5	24	13	13	4
OTU_180	2	2	3	2	0	0	2	1	1	0	1	0	1	1	3	2	3	1	5	0	2	0	3	0	0	4	0
OTU_131	9	0	2	3	3	6	0	1	4	15	0	0	1	1	1	1	1	3	0	3	3	0	3	0	0	0	0
OTU_220	4	2	0	10	0	1	1	2	0	0	0	4	2	0	0	1	1	3	0	5	1	6	4	0	0	0	0
OTU_206	2	0	5	3	3	1	4	2	4	2	1	4	3	1	3	3	1	3	0	3	3	0	2	3	3	2	4
OTU_105	3	27	2	9	9	6	3	8	10	3	11	4	8	9	3	8	6	8	5	5	12	0	7	0	10	4	0
OTU_140	7	27	11	7	3	7	5	5	7	14	8	17	10	12	10	7	6	10	12	3	7	6	18	3	3	6	8
OTU_405	1	0	2	1	0	0	0	0	0	0	0	0	1	0	0	0	0	0	0	0	0	0	0	0	0	0	0
OTU_743	3	2	6	5	6	3	3	3	2	3	2	0	3	4	2	4	3	3	2	5	2	2	3	3	3	0	4
OTU_927	1	2	0	1	0	1	1	1	1	0	2	0	1	0	0	0	1	1	0	0	0	0	1	0	0	2	0
OTU_562	1	0	1	1	3	1	0	1	0	0	0	4	1	1	1	0	0	1	0	3	0	2	0	3	6	6	8
OTU_83	21	19	16	15	9	16	16	16	12	13	16	9	16	18	20	17	13	18	19	11	16	10	28	12	16	30	21
OTU_536	2	0	8	3	0	1	1	2	1	2	0	0	1	0	1	2	1	1	2	0	1	0	0	0	0	0	0
OTU_163	3	2	8	6	0	8	3	6	4	1	1	4	3	5	3	4	3	4	2	5	4	4	2	3	3	2	4
OTU_78	11	6	7	7	13	6	10	9	5	4	5	4	12	18	6	7	8	4	2	5	11	2	9	3	6	4	0
OTU_430	1	1	1	0	6	0	0	1	0	1	1	0	1	1	0	1	0	0	0	0	1	0	1	0	0	0	0
OTU_275	2	0	3	0	0	1	0	2	0	1	2	0	2	3	1	1	1	1	2	0	1	0	1	0	0	0	0
OTU_948	0	0	0	0	0	0	1	0	0	0	0	0	0	1	0	0	0	0	0	0	0	0	0	0	0	0	0
OTU_445	5	3	2	2	3	1	4	1	3	1	1	0	0	2	2	2	3	1	0	3	2	0	3	0	0	0	4
OTU_134	12	4	6	6	0	4	7	4	5	4	1	0	8	11	3	7	6	5	7	0	3	4	3	6	3	2	4
OTU_143	6	4	5	3	3	10	3	2	2	3	5	4	4	4	10	5	6	4	5	3	3	4	3	3	6	0	4
OTU_277	2	2	2	1	0	3	2	5	1	0	2	0	0	2	3	1	1	0	2	3	1	0	0	6	6	0	0
OTU_438	1	2	4	2	0	0	1	1	1	0	2	0	2	2	3	1	1	0	0	0	0	0	1	3	0	0	0
OTU_153	5	3	9	5	6	4	12	9	6	1	6	4	3	6	3	3	3	3	2	3	5	0	3	6	3	2	8
OTU_158	3	2	1	1	3	3	3	2	1	2	1	9	1	2	2	2	3	1	5	0	2	2	3	0	0	6	4
OTU_283	3	4	2	1	3	5	4	2	2	4	3	4	3	2	3	1	5	3	7	0	4	2	9	6	3	2	4
OTU_414	0	1	2	3	3	1	0	2	1	1	2	0	1	1	1	1	1	0	0	0	1	0	0	0	3	0	0
OTU_407	0	0	1	0	0	1	0	1	1	0	0	0	0	0	0	0	1	0	0	0	0	0	0	0	0	0	0
OTU_512	1	0	0	0	0	0	1	1	0	0	0	0	0	0	0	0	0	0	0	0	1	0	0	0	0	0	0
OTU_169	1	6	0	2	0	0	1	1	4	4	15	4	1	2	0	2	1	1	7	0	0	2	2	6	0	2	4
OTU_172	3	1	8	3	3	1	3	7	2	1	0	9	2	4	3	3	1	2	5	5	4	2	3	3	0	6	8
OTU_539	0	0	0	0	0	0	0	0	0	0	0	0	0	0	0	0	1	0	2	3	1	4	1	0	0	0	0
OTU_56	33	13	23	29	38	29	32	26	33	12	22	9	33	26	14	27	28	24	35	27	44	31	26	21	26	24	30
OTU_908	4	6	5	5	9	3	4	2	2	4	3	13	2	4	5	2	5	3	9	11	3	4	5	6	6	11	21
OTU_64	41	3	14	19	6	14	4	9	10	1	18	13	13	10	16	31	12	8	2	13	35	29	16	30	19	24	4
OTU_465	1	2	1	1	0	0	1	1	1	2	0	0	1	0	1	0	1	0	0	3	0	0	0	0	0	0	0
OTU_97	6	17	2	0	0	4	7	0	0	3	6	4	3	4	2	3	4	1	2	0	20	4	6	6	0	4	0
OTU_174	4	2	1	3	3	2	5	4	11	2	6	0	2	4	2	2	4	2	2	0	5	0	3	3	6	2	0
OTU_144	0	2	3	2	3	6	3	2	1	4	1	9	1	1	2	1	3	3	0	0	1	0	2	0	0	2	0
OTU_922	2	1	2	2	3	0	1	2	0	1	0	0	0	0	1	0	1	0	0	0	1	2	1	0	0	2	0
OTU_716	0	0	0	1	0	0	0	1	0	0	0	4	0	0	0	0	0	0	0	0	0	0	0	0	0	0	0
OTU_593	0	0	0	0	0	1	0	0	0	0	0	0	0	0	1	0	0	1	0	0	1	2	0	0	0	2	0
OTU_929	2	0	2	2	0	2	3	2	2	1	1	0	1	1	1	1	2	3	5	3	3	2	1	0	3	4	0
OTU_829	2	0	1	1	3	1	4	2	4	2	1	0	0	2	1	2	1	2	0	0	1	6	1	0	3	4	0
OTU_737	0	0	1	1	3	0	1	1	1	1	1	0	1	0	1	0	1	0	0	3	0	0	1	0	0	2	0
OTU_281	4	2	2	4	3	1	0	1	2	1	3	0	1	3	5	4	2	1	0	3	1	0	0	0	0	0	0
OTU_77	4	1	9	7	6	13	9	5	6	3	2	9	23	2	9	11	11	14	9	8	11	8	1	3	10	9	8
OTU_92	13	15	9	12	9	13	10	9	14	5	8	4	11	9	7	7	13	12	2	11	13	6	11	12	10	17	4
OTU_232	1	2	2	5	6	2	1	4	3	3	2	0	4	6	3	2	1	6	2	5	3	4	7	6	0	0	0
OTU_210	1	1	4	2	0	0	1	1	2	1	0	9	3	2	3	2	0	1	0	0	1	2	1	3	0	2	0
OTU_362	2	1	2	4	3	1	3	1	2	1	3	0	1	4	1	2	0	1	2	5	1	0	0	3	0	2	4
OTU_943	4	1	3	2	3	1	0	2	0	0	0	4	4	0	1	2	0	1	0	5	1	8	1	3	0	6	0
OTU_120	15	2	9	17	3	7	7	23	9	15	20	4	18	8	9	10	15	13	7	24	13	8	7	9	10	11	0
OTU_482	1	1	1	0	0	0	0	1	1	0	0	4	0	0	0	0	1	0	2	0	0	0	1	0	0	0	0
OTU_145	5	8	5	5	3	2	3	7	7	5	6	4	4	4	5	3	4	6	0	3	1	2	5	12	3	0	4
OTU_432	0	1	0	0	0	0	0	1	0	0	0	0	0	3	0	0	1	1	0	0	1	0	0	0	0	0	0
OTU_184	4	8	4	5	3	6	14	7	7	2	9	9	8	7	5	8	8	7	2	5	5	4	5	6	6	2	4
OTU_310	1	0	2	4	0	2	1	1	1	5	3	0	1	1	3	4	1	1	2	0	0	0	1	0	0	0	4
OTU_503	1	0	1	3	0	4	2	2	2	0	1	0	1	1	2	1	1	3	0	0	2	0	1	6	6	2	0
OTU_209	10	3	7	3	3	6	6	4	4	4	2	9	4	9	4	6	5	3	2	5	5	10	3	9	13	6	0
OTU_319	2	2	1	1	0	1	2	1	1	1	1	4	1	0	1	2	1	1	0	0	3	0	1	0	0	0	0
OTU_219	0	3	0	0	3	0	0	2	0	1	1	0	1	0	1	0	2	0	0	0	0	0	3	0	3	0	0
OTU_152	2	5	2	3	3	0	0	3	1	2	6	0	4	4	5	1	1	3	0	5	1	0	7	0	0	6	0
OTU_256	2	2	0	2	3	1	1	2	0	2	2	0	2	0	2	1	1	0	0	3	2	0	5	0	0	2	4
OTU_213	6	4	4	3	0	3	4	5	2	3	3	4	4	7	4	7	3	1	5	3	3	0	4	3	0	0	0
OTU_260	3	6	3	2	6	5	3	3	1	2	1	9	3	6	3	4	2	3	5	3	5	6	10	3	0	6	8
OTU_537	1	2	0	2	0	1	1	1	0	1	0	4	0	0	1	2	6	1	0	0	3	2	0	0	6	0	4
OTU_404	0	1	1	0	0	0	0	2	2	0	1	0	1	0	0	0	0	0	0	0	0	0	1	0	0	0	0
OTU_715	0	0	0	0	0	1	0	0	0	0	0	0	0	0	0	0	0	0	0	0	0	0	0	0	0	0	0
OTU_182	3	7	2	7	3	1	2	1	0	0	1	0	1	1	2	4	3	0	0	0	1	2	1	6	3	2	0
OTU_285	11	0	0	0	0	0	0	0	0	1	3	0	0	3	0	0	1	0	0	0	0	0	0	0	0	0	4
OTU_269	1	0	3	3	0	2	6	1	1	1	1	0	1	2	1	2	2	3	2	5	1	6	1	3	6	4	4
OTU_146	15	2	21	11	9	9	7	12	11	6	6	0	6	5	6	7	10	7	2	5	5	10	3	3	6	9	4
OTU_137	3	2	5	4	0	1	6	6	5	2	3	4	4	4	3	2	4	5	2	5	3	6	5	3	10	11	8
OTU_106	1	25	0	2	0	3	1	8	0	3	6	4	2	5	2	0	2	0	0	0	9	0	22	0	6	0	0
OTU_117	10	1	8	9	9	6	6	7	7	2	3	4	8	13	6	6	10	5	2	11	8	2	9	3	0	4	4
OTU_45	16	2	16	14	22	12	18	12	14	6	9	21	17	18	17	13	14	13	7	19	14	17	12	36	26	6	13
OTU_312	2	0	0	1	0	0	1	0	0	0	0	0	2	0	1	1	1	1	0	3	1	0	0	0	0	0	0
OTU_531	0	1	0	0	3	0	0	0	0	0	0	0	0	0	0	1	0	1	2	0	1	0	2	0	0	0	0
OTU_270	4	0	3	8	6	2	3	1	2	1	0	9	2	3	2	1	3	0	0	0	2	2	1	0	0	2	0
OTU_177	6	0	1	9	3	1	3	2	2	2	9	0	4	1	3	5	3	0	0	0	2	2	1	3	0	0	0
OTU_318	1	0	0	0	3	1	1	3	0	0	2	0	0	1	1	1	0	0	0	0	2	0	1	3	0	0	0
OTU_334	11	2	12	10	3	3	10	10	8	6	5	4	5	12	39	36	7	14	21	19	6	10	5	12	10	6	17
OTU_63	15	20	16	13	3	25	18	19	11	15	15	4	20	11	23	11	12	19	21	11	28	10	26	6	10	9	8
OTU_126	8	2	8	11	13	10	11	8	8	5	5	17	8	5	9	6	4	12	7	5	8	8	3	6	10	2	13
OTU_79	6	14	6	5	6	10	6	8	11	13	5	9	5	9	9	5	4	10	2	8	8	4	7	3	0	2	4
OTU_203	0	5	1	4	0	1	1	1	5	1	3	0	2	2	5	1	1	2	0	3	0	0	3	0	3	0	0
OTU_612	1	1	0	2	0	1	1	0	2	0	0	0	1	0	0	1	0	0	0	0	1	0	0	0	0	0	0
OTU_638	1	1	2	2	0	0	0	1	0	0	2	0	1	0	1	0	0	2	0	0	1	0	0	0	3	0	0
OTU_384	2	3	1	4	3	5	7	4	5	0	3	0	3	4	11	1	2	1	7	5	11	4	3	0	3	4	8
OTU_249	1	1	3	1	0	3	3	2	2	1	0	4	1	2	2	1	2	1	0	3	2	0	1	0	0	0	4
OTU_317	0	1	0	2	0	0	1	0	0	0	1	0	1	5	0	0	0	0	0	0	1	2	0	0	0	0	4
OTU_331	0	1	0	0	0	0	0	22	0	0	0	0	0	0	0	0	0	0	0	0	0	0	0	0	0	0	0
OTU_298	0	0	1	1	3	0	1	1	2	1	1	0	1	1	1	1	2	0	2	0	1	0	2	0	0	0	0
OTU_254	1	3	1	1	3	2	11	1	2	1	2	0	1	3	1	2	1	3	2	0	2	0	1	0	0	0	0
OTU_51	7	11	8	16	6	6	5	16	14	15	0	0	11	3	15	10	7	10	2	3	4	4	3	0	6	2	0
OTU_121	10	9	5	5	6	4	2	6	6	3	5	0	9	3	4	3	4	6	2	3	8	4	5	0	10	11	13
OTU_147	4	14	5	3	0	11	5	3	4	6	6	0	6	4	5	6	10	4	5	5	7	6	6	0	6	4	17
OTU_349	0	1	0	0	0	1	0	2	2	0	1	0	2	0	1	0	0	1	0	0	1	0	0	0	0	0	0
OTU_599	3	0	0	0	0	0	0	0	0	0	0	0	0	0	0	0	0	0	0	0	0	0	0	0	0	0	0
OTU_800	3	1	6	3	3	3	3	5	3	3	6	0	6	7	7	3	3	8	0	3	0	4	1	9	0	0	0
OTU_353	1	1	1	1	0	1	0	1	0	0	1	0	1	1	1	1	0	1	0	0	1	0	0	3	0	0	0
OTU_127	13	5	14	8	9	10	17	13	14	6	6	9	9	7	6	11	7	19	5	19	11	8	7	6	3	6	17
OTU_556	6	8	4	6	0	6	11	5	6	3	5	4	9	8	10	3	4	3	0	0	7	2	5	0	0	6	4
OTU_380	0	0	2	0	0	0	1	1	1	0	1	4	0	1	1	0	1	2	0	0	0	0	0	0	3	2	0
OTU_248	0	0	2	0	3	1	1	1	2	0	1	0	1	1	0	8	1	0	0	0	1	0	3	0	3	0	0
OTU_135	5	1	2	3	0	3	1	2	4	8	3	0	1	6	1	4	0	1	2	0	3	0	1	3	6	4	0
OTU_229	2	1	2	1	0	3	3	2	1	0	1	0	2	1	0	1	1	2	0	0	0	0	1	0	0	2	0
OTU_486	0	0	1	0	6	0	1	0	0	0	0	0	0	0	1	0	0	1	0	0	0	0	0	0	0	0	0
OTU_115	10	4	12	10	9	9	10	17	6	3	6	9	6	11	7	4	9	11	2	8	9	6	3	6	3	6	13
OTU_635	2	2	2	0	0	2	3	1	1	1	0	0	1	2	1	1	0	1	0	3	1	0	1	0	3	0	0
OTU_946	0	0	0	0	0	1	0	0	0	0	0	0	0	0	0	0	0	0	2	0	0	0	0	0	0	0	0
OTU_355	0	0	2	1	0	0	0	2	1	1	0	0	0	1	1	1	0	1	0	0	0	2	0	0	0	0	0
OTU_205	2	2	3	1	0	2	3	1	2	2	1	0	2	0	3	2	1	3	0	3	0	0	0	0	0	0	0
OTU_227	0	2	1	1	0	0	0	0	0	3	5	4	1	1	1	1	1	1	0	0	1	0	2	0	3	4	0
OTU_615	0	0	0	0	0	0	0	0	0	0	1	0	0	0	0	0	0	0	0	3	0	0	0	0	10	0	0
OTU_150	2	2	1	4	0	3	1	2	3	1	2	0	8	1	3	2	0	2	2	3	20	4	1	3	0	4	0
OTU_189	2	0	2	1	0	3	1	1	2	2	5	0	1	3	1	2	3	0	2	0	2	0	5	0	0	0	8
OTU_306	1	1	1	1	0	0	1	0	0	1	3	4	0	0	1	1	1	1	0	0	1	2	1	0	0	2	4
OTU_122	1	2	3	3	0	3	11	1	2	6	4	4	5	1	7	3	1	2	0	0	6	4	5	0	3	2	4
OTU_711	0	0	1	0	0	0	0	1	0	0	0	0	0	0	0	0	0	0	0	0	0	0	0	0	0	0	0
OTU_114	5	2	11	8	6	3	5	1	2	5	2	4	4	10	5	7	4	7	7	8	3	4	5	3	6	4	4
OTU_208	1	5	5	2	0	3	3	4	1	3	6	4	1	2	2	2	2	1	0	0	2	2	6	9	3	2	0
OTU_392	4	2	6	9	0	4	3	5	3	2	1	4	2	5	4	4	4	2	5	0	6	0	3	3	3	6	0
OTU_337	3	0	1	2	3	2	5	1	3	2	6	0	1	2	2	1	1	2	2	5	3	0	0	0	0	0	0
OTU_132	17	7	15	15	16	11	21	16	16	9	10	17	13	9	8	11	12	12	19	3	20	12	9	9	0	17	4
OTU_179	9	2	1	6	0	5	1	5	6	7	3	4	5	5	3	5	3	3	2	3	3	0	2	0	0	4	0
OTU_252	18	7	16	12	16	16	19	10	15	3	13	17	12	20	6	16	11	20	16	16	19	10	5	6	6	15	8
OTU_139	2	4	4	1	3	2	2	2	2	3	4	4	3	2	3	2	2	4	5	3	3	2	5	6	3	15	8
OTU_594	0	0	1	0	0	0	0	0	2	0	0	0	0	0	1	0	0	0	0	0	1	0	0	0	0	0	0
OTU_600	15	9	18	15	19	5	9	8	11	6	10	9	22	9	5	15	8	8	21	21	11	15	12	18	36	13	25
OTU_747	0	0	0	0	0	0	1	1	1	1	1	0	0	1	0	0	0	0	0	0	0	0	0	0	0	0	4
OTU_972	0	0	0	0	3	0	0	1	0	0	0	0	0	0	1	1	0	0	0	0	0	0	0	0	0	0	0
OTU_383	0	0	0	0	0	0	0	0	0	3	0	0	0	0	0	0	0	0	2	0	0	0	0	0	0	0	0
OTU_217	3	2	7	6	6	2	5	4	7	3	5	9	6	7	5	7	8	4	0	16	7	12	7	0	10	6	4
OTU_101	8	2	9	5	0	6	7	4	3	2	6	4	7	4	2	6	1	3	12	0	5	2	7	0	6	2	0
OTU_303	0	0	1	0	3	1	0	1	2	0	0	0	1	0	0	16	0	0	0	0	1	2	1	0	0	0	0
OTU_395	1	4	0	0	0	1	0	2	0	1	1	0	1	0	0	1	0	0	0	3	0	0	1	0	0	0	0
OTU_476	1	1	2	0	0	3	1	2	0	0	1	0	1	1	1	0	0	0	2	0	1	0	0	0	0	0	0
OTU_947	0	0	0	0	0	0	0	1	1	0	0	0	0	0	0	0	0	0	0	0	1	0	0	0	0	0	0
OTU_273	2	0	0	0	0	3	5	6	0	0	1	0	1	2	1	0	5	1	0	0	0	2	1	3	3	0	0
OTU_769	0	0	0	0	0	0	0	0	0	0	0	4	0	0	0	0	1	0	0	0	0	0	0	0	0	0	0
OTU_413	4	6	7	2	3	2	13	4	3	3	10	0	8	4	3	5	4	9	12	3	9	4	2	0	0	2	4
OTU_326	3	2	6	4	3	5	6	4	4	3	3	4	3	5	7	5	4	3	2	0	2	0	2	0	3	4	13
OTU_223	4	2	2	3	6	1	7	1	9	0	1	0	2	1	0	3	4	0	5	3	26	4	5	0	0	2	0
OTU_266	0	0	1	3	0	2	0	1	1	0	0	0	3	1	2	4	1	0	0	0	0	0	1	0	0	0	0
OTU_108	14	6	13	13	3	11	20	19	13	6	10	21	9	7	13	11	8	13	5	13	21	6	7	12	13	11	0
OTU_412	0	1	1	0	0	1	1	1	0	0	0	0	0	0	1	1	0	0	0	0	1	0	0	3	0	2	0
OTU_367	4	0	3	3	0	2	5	4	2	1	2	0	2	5	3	2	4	1	2	0	4	0	3	0	0	0	4
OTU_473	0	0	0	0	0	0	4	0	0	0	0	0	0	1	0	0	0	0	0	0	0	0	0	0	0	2	0
OTU_325	0	0	1	1	0	1	1	1	1	1	0	0	0	0	0	0	0	0	2	0	0	0	1	0	0	0	0
OTU_623	1	1	0	0	0	0	0	1	0	0	0	0	0	0	0	0	1	0	0	0	0	0	1	0	0	0	0
OTU_207	0	0	3	0	0	1	1	3	2	0	1	0	1	0	0	8	0	0	5	3	0	0	0	0	3	0	0
OTU_390	2	0	1	2	0	0	1	0	2	1	1	0	1	0	3	0	0	1	0	0	1	0	0	0	3	0	0
OTU_679	0	0	2	0	0	0	0	0	0	0	0	0	0	0	0	0	0	0	2	0	1	0	0	3	0	0	0
OTU_814	0	0	1	0	0	0	0	1	1	0	0	0	0	0	0	0	0	1	0	0	0	0	0	0	0	0	0
OTU_196	5	2	2	2	6	2	5	3	5	2	3	0	1	3	0	3	5	1	7	16	1	8	2	3	10	0	0
OTU_348	0	0	1	1	0	1	1	1	0	0	1	0	0	2	0	0	1	2	0	0	1	0	0	0	0	0	0
OTU_96	13	7	7	9	6	5	13	11	2	3	11	9	5	9	9	7	10	5	0	11	3	4	3	3	6	9	0
OTU_662	0	0	0	0	0	0	0	0	0	0	1	0	0	0	0	0	1	1	0	0	0	0	0	0	0	0	0
OTU_629	0	0	0	1	0	0	0	0	0	0	0	0	0	0	0	0	0	0	0	0	0	0	0	0	0	0	0
OTU_516	0	4	0	1	0	0	0	1	1	0	1	0	0	1	0	1	0	0	0	0	1	0	1	0	0	0	0
OTU_763	5	2	5	4	6	3	1	5	5	1	2	0	4	2	4	3	4	2	2	5	5	4	3	0	6	4	0
OTU_186	5	1	3	4	3	3	0	3	3	2	1	9	3	0	1	3	3	2	2	3	7	0	2	3	0	2	0
OTU_428	1	0	1	2	0	1	0	2	0	0	1	0	1	0	1	1	0	0	0	3	0	0	0	3	0	0	0
OTU_741	0	0	0	0	0	0	0	0	0	0	0	0	0	0	0	0	0	0	0	0	1	0	0	3	0	0	4
OTU_357	1	1	2	0	0	0	1	0	1	1	1	0	1	0	1	2	1	1	0	0	1	0	2	0	3	2	4
OTU_491	0	0	0	1	0	1	1	0	0	0	1	0	0	1	0	1	0	0	0	0	1	0	0	0	0	0	0
OTU_707	0	1	0	1	0	1	0	0	1	0	0	0	1	0	0	0	1	1	0	0	1	0	1	0	0	0	0
OTU_833	0	0	1	0	0	0	1	0	0	0	0	0	0	0	0	0	1	0	0	0	0	0	1	3	0	0	0
OTU_481	0	0	1	1	0	0	1	1	1	0	5	4	0	0	0	1	0	0	0	0	2	0	1	0	0	2	0
OTU_572	2	3	3	3	6	5	3	2	3	2	2	0	4	4	1	2	3	3	5	3	6	6	2	9	3	4	8
OTU_501	1	0	0	0	0	0	1	0	1	0	1	0	0	0	0	0	0	1	0	0	0	0	0	0	0	0	0
OTU_183	0	0	1	0	3	0	1	1	0	13	0	4	0	0	1	1	0	0	0	0	0	2	0	0	0	0	0
OTU_173	13	4	8	5	3	5	9	2	2	3	6	0	8	7	6	8	2	4	2	0	9	0	6	0	3	0	0
OTU_332	0	0	1	0	6	1	0	0	1	0	0	0	0	0	1	0	1	1	0	3	0	0	1	0	0	0	0
OTU_347	0	0	1	3	3	1	1	1	2	0	0	0	2	0	1	0	2	0	0	0	1	2	1	0	0	0	0
OTU_181	6	1	5	3	3	3	3	4	3	1	1	0	3	1	4	2	2	1	5	0	3	6	1	0	3	0	4
OTU_129	5	2	5	4	9	5	7	3	8	1	3	13	4	2	3	5	6	3	2	0	2	2	3	3	0	2	0
OTU_952	0	0	0	0	0	1	1	0	0	0	0	0	0	0	1	0	0	1	5	0	0	0	1	3	0	0	0
OTU_215	3	1	5	2	0	4	1	5	3	7	2	4	3	4	3	2	3	3	0	5	4	6	3	3	0	4	0
OTU_240	1	1	1	1	3	1	3	2	1	0	0	0	1	2	1	2	0	1	0	3	1	0	1	0	0	0	0
OTU_749	4	2	5	6	3	3	4	14	9	2	8	4	3	6	5	6	2	7	2	0	8	4	1	9	6	0	4
OTU_470	6	0	15	7	6	2	7	29	6	4	3	4	3	2	9	7	4	6	5	8	4	2	1	3	3	0	0
OTU_263	2	0	3	3	0	2	5	4	3	1	1	0	2	0	2	1	1	2	2	3	3	0	1	0	0	0	0
OTU_311	5	0	6	3	3	1	4	5	4	2	2	0	3	1	3	4	1	3	0	0	3	0	1	0	0	2	4
OTU_291	1	2	1	2	0	1	1	1	0	2	3	4	1	3	1	1	7	3	0	0	0	2	1	0	3	0	0
OTU_788	3	1	2	2	6	1	5	5	11	1	7	13	5	2	1	4	3	3	5	5	1	2	4	0	3	2	4
OTU_462	0	0	1	0	3	0	0	1	2	0	1	0	0	0	1	0	1	1	0	3	0	0	1	0	0	0	0
OTU_287	1	0	1	0	0	1	1	1	1	0	0	0	2	0	0	1	0	0	0	0	1	0	0	0	0	0	0
OTU_940	0	0	0	0	0	0	0	1	0	0	0	0	0	0	0	0	0	0	0	0	0	0	0	0	0	0	0
OTU_142	2	2	1	2	0	1	3	0	1	3	2	4	3	3	2	1	2	3	0	3	5	2	5	0	0	2	4
OTU_286	0	0	1	1	0	2	1	1	1	0	0	4	0	2	0	1	0	1	0	5	1	2	1	0	0	0	0
OTU_315	1	2	1	0	3	1	2	2	1	1	1	4	0	1	1	1	0	1	2	3	1	0	1	3	0	2	0
OTU_300	2	1	1	2	0	1	5	0	2	0	1	0	2	2	0	1	1	1	2	3	1	4	0	3	10	6	0
OTU_95	9	1	5	20	6	2	11	1	5	2	1	4	6	7	6	7	6	6	35	11	8	8	1	12	19	13	13
OTU_199	4	0	1	3	6	3	3	4	4	2	3	0	2	3	5	5	4	3	2	3	3	4	1	0	3	6	13
OTU_302	1	1	2	2	0	0	3	7	2	1	1	0	1	2	3	2	1	1	0	3	3	0	0	0	3	0	4
OTU_654	0	0	0	0	0	0	2	1	1	1	0	0	0	0	0	1	0	0	0	0	2	0	0	0	0	0	0
OTU_253	1	0	2	2	3	1	1	1	1	1	0	0	1	2	3	2	1	2	2	0	1	4	1	0	3	2	0
OTU_133	0	3	5	5	0	3	1	3	2	9	1	4	4	3	1	5	4	1	0	0	3	0	1	3	3	0	0
OTU_234	0	0	2	0	0	8	2	1	0	1	0	0	1	0	0	0	1	1	0	0	0	0	0	0	3	0	0
OTU_295	2	0	2	1	0	1	1	1	1	6	0	4	1	0	3	1	0	2	0	0	0	0	1	0	0	2	0
OTU_890	0	0	0	0	0	1	0	0	0	0	1	0	0	1	0	0	0	0	0	0	0	0	0	0	0	0	0
OTU_388	0	1	1	1	0	0	0	0	1	0	0	0	0	0	0	0	2	0	0	0	0	0	0	0	0	2	0
OTU_280	0	0	0	0	0	1	1	0	0	4	1	0	0	2	1	0	1	2	0	0	0	0	1	0	0	0	0
OTU_581	0	0	1	0	0	1	0	0	0	0	0	0	0	0	0	0	0	0	0	0	0	0	0	0	0	0	0
OTU_301	2	1	0	0	3	0	2	0	1	1	2	0	1	2	1	2	0	1	0	0	0	0	1	0	0	2	0
OTU_212	3	0	1	4	0	2	1	5	1	3	0	0	2	3	1	1	1	1	2	0	2	2	1	0	0	4	0
OTU_957	0	0	0	0	0	0	0	0	0	0	0	0	0	0	0	0	0	1	0	0	0	0	0	0	0	0	0
OTU_411	0	1	1	0	0	1	0	1	0	0	2	0	1	0	0	0	0	0	0	0	0	0	0	0	0	0	0
OTU_351	0	0	0	0	0	0	0	0	2	0	2	0	0	0	0	0	0	0	0	0	0	0	1	0	0	0	0
OTU_775	2	0	1	0	3	1	1	0	0	0	0	0	1	1	1	0	0	2	0	0	3	0	2	0	0	0	0
OTU_329	0	0	0	2	0	0	1	0	3	0	6	0	0	2	0	0	0	0	0	0	1	0	4	0	0	0	0
OTU_204	1	1	2	0	0	1	1	1	2	0	6	4	1	3	0	1	0	1	0	0	2	0	1	0	0	0	0
OTU_237	4	0	2	3	3	2	3	4	3	3	6	0	2	1	4	3	2	2	2	0	2	2	2	0	0	0	0
OTU_340	1	2	1	0	0	1	1	1	0	1	0	0	1	1	0	1	0	1	2	0	1	0	0	0	0	0	0
OTU_591	0	0	1	0	0	1	0	0	0	0	1	0	0	0	0	0	0	0	0	0	0	0	0	0	0	0	0
OTU_461	0	1	1	0	0	0	0	0	1	0	1	0	1	1	0	0	1	0	0	0	0	0	0	0	0	0	0
OTU_443	0	0	1	2	0	1	1	2	2	1	2	0	1	1	1	1	3	1	0	0	3	0	2	0	3	0	0
OTU_258	2	1	1	1	0	2	2	1	0	1	0	0	2	2	1	2	1	0	0	0	2	4	1	0	0	0	4
OTU_162	4	0	2	2	0	3	1	2	3	1	3	0	2	1	3	1	2	3	0	0	1	2	1	0	0	0	4
OTU_767	0	0	1	0	0	0	0	0	0	0	0	0	0	0	0	0	0	0	2	0	0	0	0	0	0	0	0
OTU_664	0	0	1	0	0	0	1	0	0	0	1	0	0	1	0	0	0	0	0	0	1	0	0	0	0	0	0
OTU_488	0	1	2	0	0	1	1	1	2	1	1	0	0	1	0	0	1	1	0	0	1	0	1	0	0	0	0
OTU_211	4	1	3	1	0	1	3	2	1	1	1	0	2	0	1	2	1	2	5	0	1	2	0	0	0	0	0
OTU_688	0	0	1	1	0	1	1	0	1	0	0	0	1	0	0	1	1	1	0	0	0	0	1	0	0	0	0
OTU_244	2	1	2	2	0	1	9	4	2	3	0	0	1	2	1	1	1	1	0	3	3	0	0	3	0	2	4
OTU_359	4	0	1	0	0	1	2	2	1	3	0	4	1	2	0	1	1	0	0	0	1	6	2	0	0	4	4
OTU_590	1	0	0	0	0	0	1	1	1	0	1	0	0	1	0	0	1	0	0	0	1	0	0	0	3	0	0
OTU_268	0	0	2	0	0	1	1	0	1	0	1	4	1	2	0	0	2	1	0	0	1	0	2	0	0	0	0
OTU_469	2	0	0	0	0	0	0	1	0	0	0	0	0	0	0	0	2	0	0	0	1	0	0	0	0	0	0
OTU_118	4	6	10	5	0	1	3	2	4	0	3	0	4	4	3	3	3	1	0	0	2	2	2	3	3	2	4
OTU_374	2	0	1	0	0	0	0	0	1	1	0	0	1	0	0	0	0	1	0	0	0	0	0	0	0	0	0
OTU_425	0	1	2	1	0	1	0	2	0	0	2	0	1	2	0	1	0	1	0	3	1	0	0	0	0	0	0
OTU_378	0	1	0	0	0	0	0	1	1	0	0	0	0	2	0	0	0	0	0	0	1	0	1	0	3	2	0
OTU_870	0	0	1	1	0	0	0	0	0	0	1	0	0	0	0	1	0	0	2	0	0	0	0	0	0	0	0
OTU_803	0	0	1	0	0	0	0	0	0	0	0	0	0	0	0	0	1	0	0	0	1	0	0	0	0	0	0
OTU_156	2	0	2	2	0	0	7	1	2	0	1	0	2	2	2	4	1	0	0	3	3	12	3	9	3	0	4
OTU_164	1	2	3	1	3	1	3	2	0	0	1	9	2	10	6	2	2	1	0	0	1	0	2	3	0	4	4
OTU_620	0	0	2	0	0	0	0	1	0	1	0	0	0	0	1	0	1	1	0	0	1	0	0	3	0	0	0
OTU_478	0	1	1	2	0	0	0	0	1	1	0	0	1	0	1	3	2	0	0	0	1	0	1	0	0	0	0
OTU_218	3	0	2	1	0	1	1	2	1	1	0	0	2	1	3	1	0	0	0	3	1	2	1	0	0	0	0
OTU_377	1	1	1	0	0	0	2	1	2	1	0	0	1	2	1	1	0	1	0	3	0	0	1	0	0	0	0
OTU_155	3	2	1	2	0	1	3	1	1	10	1	0	3	1	2	1	0	0	0	3	3	2	0	0	0	0	0
OTU_124	4	2	3	4	6	4	14	2	5	0	1	0	3	3	1	3	2	4	0	8	1	4	4	6	3	4	4
OTU_882	0	0	0	1	0	0	0	0	0	0	0	0	0	1	0	0	0	0	0	3	0	0	0	0	0	0	0
OTU_440	2	0	1	1	3	0	1	2	1	1	1	4	1	1	2	1	1	1	0	0	0	0	2	0	0	0	0
OTU_552	0	1	0	0	0	1	0	0	0	0	0	0	0	0	1	0	1	0	0	0	0	0	0	0	0	0	0
OTU_224	5	2	3	3	0	5	5	4	3	3	6	4	4	4	2	4	4	1	0	3	2	2	5	3	6	2	0
OTU_444	1	0	1	1	3	0	1	1	0	1	0	0	2	1	1	0	1	0	0	0	0	2	0	3	0	0	0
OTU_551	0	0	0	0	0	0	0	2	0	0	0	0	0	0	1	0	0	0	0	0	2	0	1	0	0	0	0
OTU_693	1	1	0	2	0	2	0	0	0	0	1	0	1	2	1	1	3	2	0	0	2	4	2	3	3	2	0
OTU_228	1	2	1	2	0	3	1	2	2	0	1	0	4	2	1	1	2	1	0	3	1	0	1	0	0	2	0
OTU_324	0	0	1	1	0	0	0	2	0	0	0	0	1	0	0	0	1	1	0	0	1	0	0	0	3	0	0
OTU_433	0	0	1	0	0	2	0	0	0	0	1	0	3	1	0	2	0	0	0	3	0	0	0	0	3	0	0
OTU_193	1	1	1	0	9	3	2	1	1	1	1	4	3	5	0	2	4	1	0	0	2	0	1	3	3	4	0
OTU_557	0	0	0	1	0	0	0	0	0	0	0	0	0	0	0	0	0	0	0	0	0	0	0	0	0	0	0
OTU_477	0	0	0	0	0	0	1	0	0	0	1	0	1	0	0	0	0	0	0	0	1	2	0	0	3	0	0
OTU_609	0	2	1	0	0	1	1	0	1	1	0	0	1	0	1	0	0	1	2	0	1	0	1	0	0	0	0
OTU_389	0	0	1	0	0	0	0	0	0	0	1	9	0	0	1	0	0	0	0	0	1	0	1	0	0	0	0
OTU_403	1	0	1	0	0	1	1	1	2	1	0	0	0	2	0	1	1	1	0	0	1	0	3	0	0	0	0
OTU_818	1	0	1	1	0	0	1	0	1	0	2	0	0	0	0	0	0	0	0	0	1	0	0	3	0	0	0
OTU_192	3	0	0	3	0	2	0	3	2	1	0	4	1	1	2	1	1	1	0	0	1	0	1	0	0	2	0
OTU_345	1	0	1	1	3	1	3	2	0	1	1	0	1	1	2	1	0	2	0	3	1	0	3	0	0	0	0
OTU_657	1	0	0	0	3	1	1	1	0	0	1	0	1	1	0	0	0	0	0	0	1	0	1	6	0	0	0
OTU_577	1	1	1	0	0	0	0	0	1	0	0	0	1	1	1	1	0	0	0	0	1	0	0	0	0	0	0
OTU_807	0	0	0	0	0	0	0	1	0	0	1	0	0	0	0	0	0	0	0	0	0	0	1	0	0	0	0
OTU_505	0	0	1	1	0	1	0	1	1	0	1	0	0	2	2	1	0	0	0	0	1	0	0	0	0	0	0
OTU_439	0	1	0	0	0	0	1	0	1	0	0	0	0	0	1	0	1	1	0	0	1	0	0	0	0	0	0
OTU_344	1	2	2	3	3	0	2	2	3	1	10	0	6	2	6	2	8	2	2	5	6	4	3	0	3	4	0
OTU_187	2	0	3	0	3	1	0	2	2	1	2	4	2	2	2	1	4	0	5	3	3	4	0	0	6	0	0
OTU_641	0	0	2	0	0	0	1	1	1	0	0	0	1	0	0	0	1	2	0	0	1	0	0	0	0	4	0
OTU_178	0	0	0	5	0	1	0	7	1	0	7	0	4	1	1	2	1	0	5	3	4	2	4	0	3	0	0
OTU_320	1	2	2	0	0	1	1	0	0	3	0	0	1	1	0	1	0	0	0	0	0	2	1	0	0	0	0
OTU_327	0	0	0	0	0	2	1	1	0	0	0	0	1	2	0	0	1	1	0	0	1	4	2	0	0	0	0
OTU_225	1	2	0	0	6	0	1	1	1	1	1	0	1	3	2	1	1	0	0	0	3	0	1	0	0	0	0
OTU_655	1	0	1	0	0	0	0	0	0	0	1	0	0	0	0	0	1	0	0	3	0	0	0	0	0	0	0
OTU_544	0	0	0	1	0	0	0	1	0	0	1	0	0	0	1	0	0	0	0	0	0	0	1	0	0	0	0
OTU_387	0	0	1	1	0	1	0	1	0	1	0	0	0	0	2	0	0	1	0	0	0	2	1	0	3	0	0
OTU_514	0	0	0	0	0	0	0	1	0	0	1	0	0	0	1	1	0	0	0	0	0	0	0	0	0	0	0
OTU_875	0	1	0	0	0	0	0	0	0	0	0	0	0	0	0	0	0	0	0	0	0	0	1	0	0	0	0
OTU_373	0	0	0	0	0	0	0	1	1	1	0	0	0	0	1	0	0	0	0	0	1	0	1	0	0	0	0
OTU_160	7	4	7	4	3	9	4	2	2	11	4	9	3	8	9	2	7	5	2	3	9	4	17	6	0	2	13
OTU_366	1	1	0	1	0	2	0	1	0	1	0	4	1	0	0	1	2	1	0	0	0	0	1	0	0	2	0
OTU_842	0	0	1	0	0	0	1	1	0	0	0	0	0	0	0	0	1	1	0	0	0	0	0	0	0	0	0
OTU_736	0	0	0	1	0	0	0	2	0	0	0	0	0	3	0	0	0	0	0	0	0	0	0	0	3	0	0
OTU_493	3	2	3	3	3	2	2	2	2	0	3	0	3	2	1	1	1	0	2	3	0	2	1	0	0	0	0
OTU_466	0	0	2	0	0	1	1	1	0	0	1	0	1	1	1	2	0	0	0	0	0	0	0	0	0	0	0
OTU_251	1	1	2	1	0	2	1	1	1	6	1	4	0	2	2	2	0	1	2	3	1	2	1	0	0	0	0
OTU_483	0	0	1	1	3	2	1	3	1	0	0	0	1	3	0	1	0	0	0	0	0	0	1	0	0	0	0
OTU_307	1	2	0	0	0	1	0	0	0	0	1	0	0	1	1	0	0	0	0	0	1	2	1	0	0	2	0
OTU_824	1	0	0	0	0	1	0	0	0	1	0	0	1	0	0	0	0	0	0	0	0	0	0	0	0	0	0
OTU_305	2	1	1	1	3	0	0	0	0	0	1	0	2	0	1	0	0	0	0	0	2	4	1	3	0	0	0
OTU_247	0	4	1	0	0	1	1	1	0	1	1	0	1	1	0	0	0	1	2	0	1	4	0	0	0	2	0
OTU_951	0	0	1	0	0	0	1	0	0	0	0	0	0	0	0	0	0	0	0	0	0	0	1	0	0	0	0
OTU_375	0	0	1	0	0	0	1	0	0	0	0	0	1	0	1	0	0	1	0	0	2	0	0	0	0	0	0
OTU_368	0	1	2	0	3	0	0	0	0	0	0	0	0	2	1	0	0	1	0	0	0	0	0	3	0	0	0
OTU_166	4	5	3	2	0	3	1	2	1	1	1	0	1	4	1	2	2	1	0	0	1	0	1	0	0	0	0
OTU_257	0	2	1	1	0	0	1	1	0	0	0	0	1	1	2	1	1	0	2	0	0	4	1	3	0	0	0
OTU_336	1	0	1	0	0	1	1	1	2	1	1	0	1	2	1	1	1	0	0	3	0	0	0	0	0	0	0
OTU_534	0	7	3	0	0	1	0	1	1	0	0	4	1	2	0	0	1	0	2	0	2	0	1	0	0	0	0
OTU_498	1	2	1	0	0	1	1	1	1	6	1	0	1	3	1	0	0	0	0	0	0	2	2	3	0	0	0
OTU_868	1	0	0	0	0	0	0	0	0	0	0	0	0	2	0	0	1	0	0	0	1	0	0	0	0	0	0
OTU_191	3	7	0	0	0	1	3	2	1	14	1	0	4	5	1	2	1	0	2	0	2	0	0	3	0	0	0
OTU_235	1	2	2	1	0	3	3	2	2	1	1	0	2	1	2	3	0	1	0	3	1	0	1	0	0	2	0
OTU_561	0	2	0	1	0	0	0	1	1	0	0	0	1	2	1	0	1	0	0	0	1	0	1	0	0	0	0
OTU_540	3	2	2	1	0	1	1	2	2	3	1	4	2	2	2	0	0	3	0	5	3	0	3	3	10	4	4
OTU_294	0	1	0	2	0	0	1	0	0	0	1	0	0	1	0	1	1	0	0	0	1	2	0	0	0	0	0
OTU_313	0	0	0	1	0	1	0	1	0	0	1	0	1	0	0	1	2	1	0	0	1	0	0	3	0	0	0
OTU_494	1	0	1	0	0	0	0	0	2	0	0	0	1	1	0	1	0	1	0	0	0	0	0	0	0	0	0
OTU_495	2	2	3	2	0	2	2	2	1	2	3	0	1	4	1	1	1	2	0	0	1	0	1	3	3	4	0
OTU_863	0	0	1	0	0	0	0	1	0	0	1	0	0	0	1	0	0	0	0	0	0	0	0	0	0	0	0
OTU_400	1	0	1	2	0	3	2	2	1	0	1	0	1	0	1	1	1	1	0	0	1	2	3	0	3	0	0
OTU_259	2	2	5	2	3	2	2	1	7	0	3	0	8	1	3	1	1	2	2	0	2	2	3	0	0	2	0
OTU_341	1	0	0	1	3	1	1	1	0	0	0	0	0	2	1	1	0	1	0	0	1	0	1	0	0	2	0
OTU_490	0	0	1	0	0	0	2	0	0	0	0	0	0	1	1	0	1	1	0	0	0	0	1	0	0	0	0
OTU_555	0	0	1	1	0	1	1	1	1	1	1	0	0	0	1	1	1	1	0	0	1	0	1	0	0	0	4
OTU_195	3	2	3	2	0	1	0	1	3	0	2	0	2	1	1	1	2	0	0	0	3	0	3	0	0	2	0
OTU_701	0	2	0	0	0	0	0	1	0	1	0	0	0	0	0	0	0	0	0	0	0	0	0	0	0	0	0
OTU_309	2	0	2	0	0	0	1	2	1	1	0	0	0	0	1	1	0	1	0	0	1	0	1	0	0	0	0
OTU_352	3	1	2	2	0	1	1	2	2	2	1	0	2	1	1	2	2	1	0	0	1	0	1	0	0	2	0
OTU_385	0	0	0	1	0	0	0	1	0	1	0	0	0	0	0	1	0	0	0	0	1	2	2	3	0	0	0
OTU_188	0	2	2	1	0	2	1	0	5	0	2	4	3	0	3	1	0	3	0	5	1	2	3	0	0	2	0
OTU_279	2	0	2	3	0	1	2	4	2	0	0	0	1	0	2	2	2	1	0	0	1	0	0	0	0	2	0
OTU_335	2	2	1	2	3	1	1	2	1	1	3	0	1	1	1	2	1	2	0	0	3	0	2	0	0	2	4
OTU_645	2	0	1	0	0	1	1	4	2	1	3	0	1	1	0	2	0	1	0	0	0	0	1	3	0	4	0
OTU_738	0	0	0	0	0	0	1	1	0	0	0	0	0	0	0	0	0	0	0	0	0	0	0	0	0	0	0
OTU_676	0	1	2	0	0	1	1	1	0	0	0	0	1	4	0	0	0	0	0	0	2	0	0	0	0	0	0
OTU_650	0	0	0	1	0	1	0	0	0	0	0	0	0	0	1	1	0	0	2	0	1	2	0	0	0	0	0
OTU_518	0	0	0	0	0	0	1	1	0	0	0	0	0	0	1	1	0	1	0	0	1	0	0	0	0	0	0
OTU_149	5	1	2	2	6	2	3	0	5	3	1	0	1	1	3	3	1	1	2	5	1	0	1	0	0	2	4
OTU_496	0	0	0	0	3	0	0	0	0	0	0	0	0	1	1	1	1	0	2	0	0	2	0	0	3	0	0
OTU_322	4	1	2	1	0	2	3	1	2	0	0	0	2	2	5	1	0	1	0	0	1	0	1	0	3	0	0
OTU_170	0	2	1	0	3	23	1	2	0	0	0	4	0	0	1	1	1	1	0	0	1	0	1	0	0	0	0
OTU_363	1	0	1	1	0	0	1	2	0	1	1	0	1	2	1	0	0	1	0	0	0	0	0	3	3	0	0
OTU_772	0	0	0	0	0	0	0	0	0	0	1	0	0	1	0	0	0	0	0	0	1	0	0	0	0	0	0
OTU_773	0	0	1	0	0	0	0	0	1	0	1	0	0	0	0	1	0	0	0	0	1	0	0	0	0	0	4
OTU_338	0	0	0	3	0	0	0	0	0	0	0	0	0	0	0	1	0	0	0	0	0	0	1	0	0	0	0
OTU_687	0	0	0	0	3	0	0	0	0	0	0	4	0	2	0	0	0	0	0	0	0	0	0	0	0	4	0
OTU_245	1	1	2	2	3	1	4	2	1	1	2	0	3	1	3	1	1	1	0	0	0	0	2	0	6	0	0
OTU_508	0	1	0	0	0	1	3	1	2	0	0	0	0	0	0	0	1	0	0	3	0	0	0	0	0	0	0
OTU_463	1	2	1	4	0	0	0	0	0	0	7	0	1	2	0	1	1	0	0	0	0	0	1	3	0	0	0
OTU_267	1	0	0	0	3	1	1	0	1	0	1	0	3	1	0	1	0	0	0	3	0	0	4	0	0	2	0
OTU_746	0	0	1	0	0	0	0	0	0	0	0	0	0	0	0	0	0	0	0	0	1	0	1	0	0	0	0
OTU_487	1	0	1	1	0	1	1	0	2	1	0	4	0	1	0	0	0	0	0	0	1	0	2	0	0	0	0
OTU_827	0	0	0	0	0	0	0	0	0	0	0	0	0	0	0	0	1	0	0	0	1	2	0	0	0	0	0
OTU_361	0	0	0	0	0	2	0	1	2	0	0	0	2	2	0	0	0	0	2	0	0	0	0	0	0	0	0
OTU_560	0	0	0	0	0	0	0	1	1	0	0	0	0	0	0	0	0	1	0	0	0	0	0	0	0	0	0
OTU_499	0	0	1	2	0	0	1	0	0	0	0	0	0	0	0	0	0	0	0	0	3	0	0	0	0	0	0
OTU_565	0	0	1	1	0	0	0	1	0	2	1	0	0	1	0	0	0	1	0	0	0	0	0	0	0	0	0
OTU_284	1	1	2	1	0	3	2	2	0	3	0	0	0	0	1	0	1	1	2	0	0	0	2	0	0	2	0
OTU_677	0	0	0	0	0	0	0	0	0	0	0	0	0	0	0	0	0	0	0	0	0	0	0	0	0	0	0
OTU_226	1	1	2	2	0	1	0	2	1	1	1	0	0	1	1	2	0	1	0	0	0	0	0	0	0	2	0
OTU_835	0	0	0	0	0	1	1	0	0	0	0	0	0	1	1	0	0	0	0	0	0	0	0	0	0	0	0
OTU_238	1	0	2	1	0	1	0	1	0	0	1	0	0	0	0	2	1	0	2	0	1	0	1	3	0	0	4
OTU_538	0	0	0	0	0	0	0	0	0	1	0	0	0	0	0	0	0	0	0	0	2	0	0	0	0	0	0
OTU_519	0	0	1	0	0	0	1	0	1	1	1	0	0	1	0	0	1	0	0	0	0	0	1	0	0	0	0
OTU_724	0	0	0	0	0	0	0	0	0	0	0	0	1	0	0	0	2	0	0	0	1	0	1	0	0	0	0
OTU_840	1	0	1	0	0	1	1	1	1	1	0	0	1	0	0	2	0	0	0	0	0	0	1	0	0	0	0
OTU_274	0	0	1	2	0	0	2	0	0	0	1	0	0	0	0	1	0	1	0	0	1	0	1	0	0	0	0
OTU_459	0	1	0	0	0	0	1	0	0	0	0	0	1	0	0	0	0	0	0	0	0	0	1	0	0	0	0
OTU_784	0	0	0	0	0	0	0	2	0	0	0	0	0	0	0	0	0	0	0	0	0	0	0	0	0	0	0
OTU_596	0	1	1	0	3	1	1	0	0	0	1	0	0	0	0	0	0	0	2	0	1	0	0	0	0	0	0
OTU_276	0	2	4	1	0	0	0	0	1	5	1	0	0	0	0	0	1	1	0	0	0	0	3	0	0	0	4
OTU_426	0	0	1	1	0	0	1	1	1	1	0	0	1	1	0	0	1	0	0	0	0	0	1	0	0	0	0
OTU_575	0	0	0	0	0	0	2	0	2	0	0	0	0	0	0	0	0	0	0	0	0	0	0	0	0	0	0
OTU_799	0	0	0	0	0	1	0	0	0	0	0	0	0	0	0	0	0	0	0	0	1	0	0	0	0	0	0
OTU_371	0	0	0	1	0	1	1	1	0	1	1	0	1	1	1	0	1	1	0	0	1	0	1	0	0	0	0
OTU_330	2	2	2	3	0	3	1	1	1	1	1	0	1	0	1	2	0	1	0	3	1	0	2	0	3	2	0
OTU_674	1	0	1	2	3	3	0	1	0	0	1	0	0	2	1	1	1	1	2	0	1	2	0	0	0	0	0
OTU_468	2	0	1	1	0	0	3	1	0	0	0	4	0	0	1	0	0	1	2	0	1	0	1	0	0	2	0
OTU_643	0	1	1	0	0	1	1	0	0	0	0	0	1	0	0	0	0	0	2	0	0	0	0	0	0	0	0
OTU_825	0	0	0	0	0	0	0	2	0	0	0	0	0	1	0	0	0	0	0	0	0	0	0	0	0	0	0
OTU_639	0	0	0	0	0	0	1	0	0	0	0	0	0	0	0	1	0	0	0	0	1	0	0	0	0	0	0
OTU_759	0	0	0	0	0	0	0	1	0	0	0	0	0	0	0	0	0	0	0	0	0	0	0	0	0	0	0
OTU_571	1	0	1	1	0	0	0	2	0	0	0	0	0	1	1	1	0	0	0	0	0	0	1	0	3	0	0
OTU_706	0	0	2	1	0	1	1	1	0	0	0	0	0	0	0	0	0	0	0	0	0	0	1	0	0	0	0
OTU_522	1	0	1	1	0	1	1	2	0	1	1	0	2	0	0	1	0	1	0	0	0	0	0	0	0	0	0
OTU_619	0	0	0	0	3	0	0	0	0	0	0	0	0	0	0	0	0	0	0	3	0	0	1	0	0	0	0
OTU_603	0	0	2	0	0	0	1	0	1	0	0	0	0	0	1	0	0	1	0	0	0	0	1	0	3	2	0
OTU_541	0	0	0	0	0	1	3	1	0	0	1	0	1	0	0	0	0	0	0	0	0	0	1	0	0	0	0
OTU_165	5	2	1	3	0	1	2	2	2	1	3	0	3	6	2	1	1	2	0	3	3	0	1	0	3	0	0
OTU_441	0	2	0	0	0	1	0	0	0	0	0	4	0	0	0	1	0	0	0	0	0	0	1	0	0	0	0
OTU_836	0	0	0	0	0	0	0	1	0	0	0	0	0	0	0	0	0	0	0	0	0	0	0	0	0	0	0
OTU_151	2	2	6	5	3	1	3	4	2	2	1	0	1	3	0	4	1	3	0	5	0	4	3	0	3	0	0
OTU_554	1	0	0	0	0	0	1	0	0	0	1	0	1	1	0	1	0	0	0	0	0	0	1	0	0	0	0
OTU_342	1	1	0	1	0	1	0	1	1	0	1	0	1	0	0	0	1	2	0	0	0	0	2	0	0	0	0
OTU_231	0	0	2	0	0	0	0	1	2	3	0	0	1	0	1	1	2	0	0	0	1	0	1	0	0	0	0
OTU_898	0	0	2	1	0	0	0	0	0	0	0	4	1	0	0	1	1	1	0	3	1	0	0	0	0	0	0
OTU_731	0	0	0	0	0	0	0	0	0	0	0	0	1	0	1	0	0	0	0	0	0	0	0	0	0	0	0
OTU_843	0	1	0	0	0	1	0	0	1	0	1	0	0	0	1	0	1	0	0	0	1	0	0	0	0	0	0
OTU_397	0	1	1	2	0	1	0	2	1	1	1	0	0	1	1	1	1	0	0	0	1	0	0	0	0	2	0
OTU_602	0	0	1	0	0	0	1	0	1	0	1	0	0	1	0	0	0	0	0	0	1	0	1	0	0	0	0
OTU_328	0	3	0	0	0	1	0	0	0	6	0	0	0	0	0	1	1	0	0	3	0	0	1	0	0	0	0
OTU_222	1	0	1	2	0	1	5	2	4	0	0	0	1	2	1	4	5	2	2	0	4	0	2	3	0	0	0
OTU_451	0	1	0	0	0	0	0	0	1	0	0	0	0	0	0	0	0	0	0	0	1	0	0	0	0	0	0
OTU_422	1	1	4	0	0	1	2	0	1	1	0	0	1	0	1	0	1	0	2	0	0	0	0	0	0	0	0
OTU_167	1	0	2	1	3	3	5	0	2	3	1	0	2	2	2	1	2	0	0	0	1	0	1	0	0	0	0
OTU_510	0	0	0	0	0	0	0	0	0	2	0	0	0	0	0	0	0	0	0	0	0	0	0	0	0	0	0
OTU_617	0	0	0	0	6	0	0	0	1	1	1	0	0	0	0	0	0	0	0	0	0	2	0	0	0	0	0
OTU_760	0	0	0	0	0	0	0	0	0	1	0	0	0	0	0	0	0	0	0	0	0	0	0	0	0	0	0
OTU_691	0	0	1	0	0	0	1	2	0	1	1	0	0	0	0	0	0	0	0	0	0	0	0	0	0	0	0
OTU_728	0	0	0	0	0	0	0	1	0	0	0	0	0	1	0	0	0	0	0	0	0	0	0	0	0	0	0
OTU_901	0	0	1	0	0	1	0	0	0	0	0	0	0	0	0	0	0	0	0	0	0	0	0	0	0	2	0
OTU_370	1	2	0	1	0	0	0	0	0	0	0	0	0	0	0	1	1	0	2	0	1	0	0	0	0	0	0
OTU_861	0	0	0	0	0	0	0	0	0	0	1	0	0	0	0	0	1	0	0	0	0	0	0	0	0	0	0
OTU_406	1	0	0	0	3	0	0	1	0	0	0	0	0	0	1	0	0	0	0	0	0	0	2	0	0	0	0
OTU_838	0	0	0	0	0	0	0	0	0	0	0	0	1	0	0	0	1	0	0	0	0	0	0	0	0	0	0
OTU_966	0	0	0	0	0	0	1	0	0	0	1	0	0	0	1	0	0	0	2	0	0	0	0	0	0	0	0
OTU_264	1	0	0	1	0	5	1	1	1	1	0	0	5	0	0	1	0	0	5	3	0	0	4	0	0	0	4
OTU_839	0	0	0	0	0	0	0	0	1	0	0	0	0	0	0	0	0	0	0	0	0	0	0	0	0	0	0
OTU_703	0	2	1	1	0	1	0	0	0	0	1	0	0	2	0	1	0	1	0	0	1	0	2	0	0	0	4
OTU_475	0	0	1	0	0	1	1	1	0	1	0	0	0	0	0	0	0	0	0	0	0	0	1	0	0	0	0
OTU_874	0	0	1	0	0	0	0	0	0	0	0	0	0	1	0	0	1	0	0	0	0	0	0	0	0	0	0
OTU_517	0	0	1	0	0	1	0	1	0	0	0	0	0	0	1	0	0	0	5	0	0	0	0	0	0	0	0
OTU_261	1	0	2	1	3	1	0	1	0	1	1	0	2	1	1	0	0	0	0	0	0	4	0	0	0	4	0
OTU_756	0	0	0	0	0	1	0	0	0	0	1	0	0	0	0	0	0	0	0	0	0	0	0	0	0	0	0
OTU_272	0	0	0	0	0	0	2	16	0	0	0	0	0	1	1	0	0	0	2	0	1	0	0	0	3	0	0
OTU_296	1	0	1	0	0	0	0	1	0	0	1	0	0	0	0	0	0	1	0	3	1	0	1	0	0	0	0
OTU_828	0	0	0	0	0	0	1	1	0	0	0	0	0	1	0	0	0	0	0	0	0	0	0	0	0	0	0
OTU_421	0	0	0	0	0	0	0	1	0	0	0	0	1	0	0	0	0	0	0	0	1	0	1	0	0	0	0
OTU_379	0	0	1	0	0	1	0	0	0	0	3	0	0	2	0	0	0	1	0	0	1	0	4	0	0	0	0
OTU_506	0	1	0	0	0	1	0	1	0	1	1	0	0	0	0	0	0	0	2	0	3	0	0	0	0	0	0
OTU_605	0	0	0	0	0	0	0	1	0	0	0	0	0	0	0	0	0	0	0	0	0	0	0	0	0	2	0
OTU_914	1	0	1	2	3	1	0	5	0	3	0	0	0	2	0	1	1	1	0	3	3	0	0	3	0	0	0
OTU_437	1	0	1	1	0	1	1	0	0	1	0	0	0	0	0	1	1	1	0	0	1	0	0	0	0	2	0
OTU_456	1	0	1	0	0	1	0	0	0	0	0	0	0	0	1	1	0	0	0	0	0	0	0	0	0	0	0
OTU_748	1	0	2	0	0	1	1	1	0	0	1	4	1	0	2	0	3	0	2	0	1	0	1	0	0	0	0
OTU_684	0	0	2	0	0	0	1	0	0	0	1	0	0	0	0	0	0	0	0	0	1	0	0	0	0	0	0
OTU_464	0	0	0	1	3	1	0	1	0	1	0	0	1	0	1	1	0	1	0	3	0	0	0	0	0	0	0
OTU_681	0	0	0	1	0	0	0	1	1	0	0	0	5	0	0	0	0	0	0	0	0	2	1	0	3	0	0
OTU_548	0	0	0	0	0	0	0	0	0	0	1	0	0	0	1	0	0	0	0	0	0	0	0	0	0	0	0
OTU_369	0	0	2	1	0	0	1	2	0	1	0	0	0	0	0	1	0	0	0	0	0	0	0	0	0	0	0
OTU_299	1	0	2	2	0	0	4	1	1	0	4	4	2	0	1	1	1	0	2	0	2	0	0	0	0	0	0
OTU_527	0	0	0	0	0	1	0	1	0	1	1	4	0	0	0	1	0	0	0	0	1	0	1	0	0	0	0
OTU_442	0	1	1	0	0	1	0	0	0	0	0	0	0	0	1	0	0	0	0	0	1	2	0	0	0	0	0
OTU_448	0	0	1	0	0	0	0	0	0	0	0	4	0	0	1	0	1	0	0	0	0	0	0	0	0	2	0
OTU_255	1	1	1	0	0	0	0	1	1	0	1	0	0	2	1	1	1	1	0	0	3	4	0	0	0	0	0
OTU_797	0	0	0	0	0	0	0	0	0	0	0	0	0	0	0	0	1	0	0	0	0	0	0	0	0	0	0
OTU_574	1	0	0	0	0	1	0	0	0	1	0	0	0	0	0	0	0	0	0	0	0	0	1	0	3	0	0
OTU_550	0	0	1	0	0	0	0	1	0	0	1	0	0	0	0	0	1	0	0	0	0	0	0	3	0	2	0
OTU_793	1	0	1	1	0	0	1	0	0	0	0	0	0	1	0	0	1	1	0	0	0	4	0	0	0	0	0
OTU_911	0	0	0	0	0	0	0	0	0	0	1	0	0	0	0	0	0	0	0	0	1	0	1	0	0	0	0
OTU_726	0	0	0	1	0	0	0	0	0	0	0	0	0	0	0	0	0	0	0	0	0	0	0	0	0	0	0
OTU_535	1	0	0	0	0	0	0	1	0	0	0	0	0	0	0	0	0	0	0	0	0	0	0	0	0	0	0
OTU_766	0	0	0	1	0	1	0	0	0	1	1	0	0	0	0	0	0	0	0	0	0	0	0	0	0	0	0
OTU_271	0	0	0	2	3	1	1	2	0	1	10	4	1	0	0	0	0	0	0	0	0	2	1	0	0	0	0
OTU_446	0	0	2	0	0	0	0	0	0	0	0	0	0	0	2	1	0	0	0	0	0	0	0	0	0	0	0
OTU_455	1	0	1	0	0	1	1	1	0	0	0	0	0	1	0	0	0	0	0	0	0	0	1	0	0	0	0
OTU_376	0	0	0	1	6	1	0	0	2	0	1	0	1	0	1	1	0	0	0	0	1	0	1	3	0	0	0
OTU_492	0	0	0	0	0	0	1	0	0	0	0	0	0	0	0	0	1	0	0	3	0	0	1	0	0	0	0
OTU_969	0	0	0	0	0	0	0	0	0	0	0	0	0	0	0	0	0	0	0	0	0	0	0	0	0	0	0
OTU_625	0	1	0	0	0	0	0	0	0	0	0	0	1	0	0	0	0	0	0	0	0	0	0	0	0	0	0
OTU_365	0	0	1	0	0	1	1	0	1	1	0	0	1	1	1	1	0	0	0	0	0	0	0	0	0	0	0
OTU_832	0	0	0	0	0	0	0	0	0	0	0	0	0	0	0	0	1	0	0	0	0	0	0	0	0	2	0
OTU_692	0	1	1	0	0	1	1	0	0	0	0	0	1	0	1	0	0	0	0	0	1	0	1	0	0	0	0
OTU_653	0	2	1	1	3	0	1	0	1	1	1	0	1	4	0	1	1	1	0	0	1	0	1	0	0	0	0
OTU_854	0	0	0	0	0	0	0	1	0	0	0	0	0	0	0	0	1	0	0	0	0	0	0	0	0	0	0
OTU_424	1	0	0	1	0	0	0	1	0	0	0	0	2	0	1	1	0	0	2	0	1	2	0	0	3	0	4
OTU_525	0	1	1	0	3	0	2	0	1	0	0	0	0	0	2	0	0	0	0	0	0	0	0	3	0	0	0
OTU_391	1	0	0	0	0	0	2	1	0	0	0	0	0	0	1	0	1	0	0	0	1	0	0	0	0	0	0
OTU_250	0	2	1	2	0	1	1	2	1	1	2	0	2	1	3	3	3	3	0	0	1	2	1	0	3	0	0
OTU_526	1	0	1	0	0	0	0	0	0	0	0	0	1	0	0	1	0	0	0	0	0	0	0	0	0	0	0
OTU_321	2	1	1	1	0	0	0	1	0	0	0	4	0	0	0	0	0	0	0	0	0	2	0	0	0	2	0
OTU_396	0	0	0	1	0	0	1	1	0	1	0	0	0	0	0	0	0	0	0	0	0	0	0	0	0	0	0
OTU_484	0	0	0	0	0	0	0	0	0	1	0	0	0	0	0	0	1	0	0	0	0	0	0	0	0	0	0
OTU_601	0	0	1	0	0	0	0	0	0	0	0	0	0	0	1	1	0	0	0	0	1	0	1	0	0	2	0
OTU_660	0	0	0	0	0	0	0	0	1	0	0	0	1	0	0	0	0	0	0	0	0	0	0	0	0	0	0
OTU_474	0	0	1	2	0	0	0	0	0	0	0	0	0	0	0	0	1	0	0	0	1	0	0	0	0	0	0
OTU_831	0	0	0	0	0	0	0	0	0	0	0	0	0	0	0	1	0	0	0	0	0	0	0	0	0	0	0
OTU_567	0	1	1	0	0	1	2	0	1	0	0	0	0	0	0	1	0	1	0	0	0	0	1	0	0	0	0
OTU_931	0	0	0	0	0	0	0	0	1	0	0	0	0	0	0	0	0	0	0	0	0	2	0	0	0	0	0
OTU_467	0	0	0	0	0	0	0	1	1	1	0	0	0	0	1	0	1	0	0	0	0	0	0	0	0	0	0
OTU_826	1	0	0	0	0	0	0	0	0	0	0	0	0	0	0	0	0	0	0	0	0	0	0	0	0	0	0
OTU_558	1	1	1	0	0	0	1	1	0	1	0	0	0	0	0	1	0	0	0	0	0	0	1	0	0	0	0
OTU_640	0	0	0	0	0	1	1	1	0	0	0	0	0	0	0	0	1	1	0	0	0	0	0	0	0	0	0
OTU_906	0	0	0	0	0	0	0	0	0	0	0	0	0	0	1	0	0	0	0	0	0	0	0	0	0	0	0
OTU_420	0	0	0	0	0	0	0	0	0	3	0	0	0	0	0	0	1	0	0	0	0	2	0	0	0	0	0
OTU_243	2	4	2	0	0	3	0	2	0	3	1	0	0	1	1	1	2	1	2	0	1	0	2	0	0	4	0
OTU_666	0	0	1	0	0	0	3	0	0	0	1	0	0	0	0	0	0	0	0	0	0	0	0	0	0	0	0
OTU_394	1	0	3	1	0	0	1	4	2	0	1	0	1	3	1	2	1	1	0	0	1	0	0	3	0	0	0
OTU_678	1	0	1	0	0	0	0	0	0	0	0	0	0	1	1	0	0	0	2	0	0	0	1	0	0	0	0
OTU_408	0	0	0	5	0	0	0	0	1	0	5	0	0	0	1	0	1	0	0	0	1	0	1	0	0	0	0
OTU_435	0	0	2	0	0	0	0	0	0	0	0	0	0	1	0	0	0	0	0	0	1	0	0	0	0	0	0
OTU_528	0	0	0	0	0	0	0	0	1	0	1	0	0	0	0	0	0	0	0	0	0	0	0	0	0	0	0
OTU_570	0	0	0	0	0	0	0	0	0	0	0	0	0	0	1	0	0	0	0	0	1	0	1	0	0	0	0
OTU_779	0	0	0	0	0	1	0	0	0	0	0	0	0	0	1	0	0	0	0	0	0	0	0	3	0	0	0
OTU_697	0	0	0	0	0	0	0	0	0	0	1	0	0	0	0	0	0	0	0	0	1	0	0	0	0	0	0
OTU_429	0	0	1	0	0	1	1	2	0	0	0	0	0	0	1	0	0	0	0	0	1	2	1	0	0	0	0
OTU_523	0	0	0	0	0	5	2	1	1	1	0	0	0	1	1	1	0	0	0	5	1	2	0	3	0	4	0
OTU_905	0	0	1	0	0	0	0	0	0	1	0	0	0	0	1	0	0	0	0	0	0	0	0	0	0	0	0
OTU_751	0	0	0	0	0	0	0	0	0	0	0	0	0	0	0	0	0	0	0	0	1	0	0	3	0	0	0
OTU_864	0	0	1	0	0	0	0	0	0	0	0	0	0	0	0	1	0	0	0	0	1	0	0	0	0	0	0
OTU_585	1	0	0	1	0	0	0	1	1	0	0	0	0	1	0	1	1	0	0	0	0	0	0	0	0	0	0
OTU_587	0	1	0	1	0	0	0	1	1	0	0	0	0	0	0	0	0	0	0	0	1	0	0	0	0	0	0
OTU_819	0	0	2	0	0	0	0	0	0	0	0	0	0	0	0	0	0	0	0	0	0	0	0	0	0	0	0
OTU_458	1	0	0	0	0	0	0	0	0	0	0	0	0	0	1	0	0	0	0	0	1	0	1	3	0	0	0
OTU_809	0	0	0	1	0	1	0	0	1	0	1	0	0	0	0	0	0	0	0	0	0	0	0	0	0	0	0
OTU_942	0	0	0	0	0	0	0	1	0	0	0	0	0	0	1	0	0	1	0	0	0	0	0	0	0	0	0
OTU_452	0	0	1	0	0	0	0	0	0	0	0	0	0	0	1	2	0	0	0	0	0	0	1	0	0	0	0
OTU_417	0	1	1	0	0	1	1	0	1	0	1	0	0	0	1	0	0	0	0	0	0	0	0	0	0	0	0
OTU_815	0	1	1	0	0	0	0	0	0	0	1	0	0	0	0	0	0	0	0	0	1	0	0	0	0	0	0
OTU_297	1	0	1	1	0	2	0	1	0	0	0	0	1	1	1	1	1	0	0	0	0	2	0	0	0	0	0
OTU_409	1	0	0	0	0	1	1	1	0	0	0	0	0	0	0	0	0	0	0	5	0	0	1	0	0	0	0
OTU_632	0	0	1	0	0	0	0	0	0	0	0	0	0	0	0	0	0	0	0	0	0	0	0	0	0	0	0
OTU_453	0	0	1	0	0	0	1	1	0	0	0	0	0	0	0	0	0	1	0	0	0	0	0	0	0	0	0
OTU_781	0	0	0	0	0	0	0	0	0	0	0	0	0	0	0	0	0	0	0	0	0	2	0	0	0	0	0
OTU_637	0	0	0	0	0	1	0	0	1	0	0	0	0	1	0	0	0	0	0	0	0	0	0	0	0	0	0
OTU_933	0	0	0	0	0	1	0	0	0	0	0	0	0	0	0	0	0	0	0	0	0	0	0	0	0	0	0
OTU_813	0	0	0	0	0	0	1	0	0	0	0	0	0	0	0	0	0	0	0	0	0	0	0	0	0	0	0
OTU_559	0	2	1	0	0	0	0	0	2	1	0	0	0	1	1	0	0	1	0	0	0	0	1	0	0	0	0
OTU_817	0	0	0	0	0	1	0	1	0	0	0	0	0	0	0	0	1	0	2	0	0	0	0	0	0	0	0
OTU_930	0	0	0	0	0	0	1	0	0	0	0	0	0	0	0	1	0	0	0	0	0	0	0	0	0	0	0
OTU_841	0	0	0	0	0	0	0	0	0	0	1	0	0	0	0	0	0	0	0	0	0	0	0	0	0	0	0
OTU_604	0	0	0	0	3	0	0	0	0	0	0	0	0	0	0	0	0	0	0	0	1	0	0	0	0	0	0
OTU_924	0	0	0	0	0	0	0	1	0	0	0	0	0	0	0	0	0	0	0	0	0	0	0	0	0	0	0
OTU_713	0	0	0	0	0	0	0	0	0	0	0	0	0	0	0	0	0	0	0	0	0	0	0	0	0	0	0
OTU_360	0	0	0	1	0	3	1	0	1	0	1	4	0	0	1	0	1	0	0	0	1	0	0	0	0	0	0
OTU_346	0	0	0	0	0	0	0	1	0	0	0	0	1	1	0	0	0	0	0	0	1	0	1	0	0	0	0
OTU_964	0	0	1	0	0	0	1	0	0	0	0	0	0	0	0	0	0	0	0	0	1	0	0	0	0	0	0
OTU_886	0	0	1	0	0	0	0	0	0	0	0	0	0	0	0	0	0	0	0	0	0	0	0	0	0	0	0
OTU_427	0	0	0	0	0	0	0	0	0	0	0	0	0	1	0	4	0	0	0	0	0	2	0	0	0	0	0
OTU_685	0	1	1	1	0	1	0	1	1	0	0	0	0	0	0	0	1	0	0	0	0	0	0	0	0	0	0
OTU_830	1	0	0	1	0	0	0	0	0	0	0	0	0	0	0	0	1	0	0	0	0	0	0	0	0	0	0
OTU_509	0	0	0	0	3	1	0	0	0	0	0	0	1	0	0	1	0	0	0	0	0	0	0	0	0	0	0
OTU_393	0	2	2	0	0	0	0	0	0	0	1	0	0	0	0	1	0	0	0	0	0	0	0	0	0	0	0
OTU_607	0	0	1	0	0	0	0	0	1	1	1	0	1	0	0	0	0	0	0	0	0	0	1	0	0	0	0
OTU_820	0	0	0	0	0	0	0	0	0	0	0	0	0	0	0	0	0	0	0	0	0	0	0	0	0	0	0
OTU_292	2	0	2	0	3	0	1	0	0	1	1	0	0	1	1	0	0	0	0	0	3	0	2	0	0	2	0
OTU_651	0	0	0	0	0	0	0	0	1	0	0	0	0	0	0	0	0	0	0	0	0	0	0	0	0	0	0
OTU_918	0	0	1	0	0	1	1	0	1	0	0	4	0	0	0	0	0	0	0	0	1	0	0	0	0	0	0
OTU_616	0	0	0	0	0	1	0	0	1	0	0	0	1	0	0	0	0	0	0	0	0	0	0	0	0	0	0
OTU_480	1	0	0	0	0	0	0	0	0	1	0	0	0	0	1	1	0	0	0	0	0	2	0	0	0	0	0
OTU_608	0	0	0	0	0	0	1	1	0	0	0	0	0	0	2	0	0	0	0	0	0	0	0	3	0	0	0
OTU_718	0	1	0	0	0	1	0	0	0	0	0	0	0	0	0	0	0	0	2	3	1	2	1	0	0	0	0
OTU_913	0	0	0	0	0	1	3	0	0	0	0	0	1	0	0	1	0	0	0	0	0	0	2	0	0	0	0
OTU_932	0	0	0	0	0	0	1	1	0	0	0	0	0	0	0	0	0	0	0	0	0	0	0	0	0	0	0
OTU_849	1	0	0	0	0	0	0	1	0	1	0	0	0	0	1	0	0	0	0	0	1	0	1	0	0	0	0
OTU_316	0	1	1	0	0	1	0	0	0	0	0	0	1	1	1	0	0	0	0	0	1	0	0	0	0	0	0
OTU_965	0	0	0	0	0	0	1	2	0	0	0	0	1	0	1	1	1	0	0	0	1	0	1	0	0	0	0
OTU_860	0	0	0	0	0	0	1	1	1	0	1	0	0	0	1	0	0	0	0	0	0	0	0	0	0	0	0
OTU_553	0	0	1	0	0	0	0	0	1	0	0	0	0	0	1	0	0	1	0	0	0	0	0	0	0	0	0
OTU_647	0	0	0	0	0	0	0	0	0	1	0	0	0	0	0	0	0	0	0	0	1	0	1	0	0	0	0
OTU_579	0	1	1	1	0	0	0	1	0	0	0	0	0	0	0	1	1	0	0	0	0	2	0	0	0	0	0
OTU_610	0	0	0	0	0	0	1	0	0	0	0	0	0	0	0	0	0	0	0	3	0	0	0	3	0	0	0
OTU_631	0	0	0	0	0	0	3	0	0	0	0	0	0	0	0	0	0	0	0	0	0	0	0	0	0	0	0
OTU_723	0	0	0	0	0	0	0	0	0	0	0	0	1	0	0	0	0	0	0	0	0	0	0	0	0	0	0
OTU_881	0	0	0	0	0	0	0	0	0	0	0	0	1	0	0	0	0	0	0	0	0	0	0	0	0	0	0
OTU_834	0	0	0	0	0	0	0	0	0	0	0	0	0	0	1	0	1	0	0	0	0	0	0	0	0	0	0
OTU_810	0	0	0	0	0	0	0	0	0	0	0	0	0	0	0	0	0	0	0	0	0	0	1	0	0	0	0
OTU_630	0	0	1	0	0	1	0	0	0	0	1	0	0	0	1	0	0	0	0	0	0	0	1	0	3	0	0
OTU_399	0	1	1	0	0	1	0	1	0	0	0	0	1	0	1	0	0	0	0	0	0	0	0	0	0	0	0
OTU_804	0	0	1	1	0	1	0	1	1	1	0	0	0	0	1	0	0	0	0	3	1	2	0	0	0	0	0
OTU_872	1	0	0	0	0	1	0	0	0	0	0	0	0	0	0	0	0	0	0	0	1	0	1	0	0	0	0
OTU_450	0	0	0	0	0	0	0	0	3	0	1	0	0	0	0	0	1	0	0	0	1	0	1	0	0	0	0
OTU_811	0	0	0	0	0	0	1	0	0	0	0	0	0	1	0	0	0	0	0	0	0	0	0	0	0	0	0
OTU_659	0	0	0	0	0	0	0	1	0	0	1	0	0	0	0	0	0	0	0	0	0	0	0	0	0	0	0
OTU_695	0	0	0	0	0	0	0	0	1	0	0	0	0	0	0	0	0	0	0	0	0	0	0	0	0	0	0
OTU_652	0	0	0	0	0	1	1	0	0	0	1	0	0	0	0	0	0	0	0	0	0	0	0	0	0	4	0
OTU_568	0	0	1	0	0	0	2	0	0	0	1	0	1	0	0	0	0	0	0	0	0	0	0	3	0	0	0
OTU_858	0	0	0	1	0	0	0	0	0	0	0	0	1	0	0	0	1	0	0	0	0	0	0	0	0	0	0
OTU_624	0	0	0	0	0	0	0	1	0	1	0	0	0	0	0	0	0	0	0	0	1	0	0	0	0	0	0
OTU_974	0	0	0	0	0	0	1	1	0	0	0	0	0	0	0	0	1	0	0	0	0	0	0	0	0	0	0
OTU_796	0	0	0	0	0	0	1	1	0	0	1	0	0	0	0	0	0	0	0	0	1	0	0	0	0	0	0
OTU_628	0	0	0	0	0	0	0	0	0	0	0	0	0	1	0	0	0	0	0	0	0	2	0	0	0	0	0
OTU_576	0	1	0	0	0	0	0	1	0	1	0	0	0	0	0	0	0	0	0	0	1	0	0	0	3	0	0
OTU_973	0	0	0	0	0	1	1	0	0	0	0	0	0	0	0	0	0	0	0	0	0	0	0	0	0	0	0
OTU_289	1	0	0	0	0	0	1	0	0	1	1	0	2	4	1	2	1	0	0	0	0	2	0	3	0	0	0
OTU_436	0	1	1	0	0	0	0	0	0	0	0	0	1	0	1	1	1	1	0	3	0	0	0	0	0	0	0
OTU_961	0	0	0	0	0	0	0	0	0	0	0	0	0	0	0	0	0	0	0	0	1	0	0	0	0	0	0
OTU_865	0	2	0	0	0	0	0	1	0	0	0	0	0	0	1	0	0	0	0	0	0	0	0	0	0	0	0
OTU_618	0	0	1	0	0	0	0	0	0	0	0	0	0	0	1	0	0	0	0	0	0	0	0	0	0	0	0
OTU_675	1	0	0	0	0	0	0	0	0	0	0	0	1	0	0	0	0	0	0	0	0	0	0	0	0	0	0
OTU_401	0	2	1	0	3	0	1	1	1	1	1	4	0	2	1	0	0	0	5	3	1	2	2	0	0	2	0
OTU_507	0	0	0	0	0	0	2	0	0	0	0	0	0	1	0	1	1	0	0	0	0	0	1	0	0	0	0
OTU_805	0	0	0	0	0	1	0	0	0	1	1	0	0	0	0	0	0	0	0	0	0	0	0	0	3	2	0
OTU_719	0	0	0	0	0	0	0	0	0	0	0	0	0	0	0	0	0	0	0	0	1	0	1	0	0	0	0
OTU_907	0	0	0	0	0	1	0	0	1	0	0	0	0	0	0	0	0	0	0	0	0	0	0	0	0	0	0
OTU_941	0	0	1	1	0	0	1	0	0	1	0	0	0	0	1	1	0	0	0	0	0	0	0	0	0	0	0
OTU_823	0	0	0	0	0	0	0	0	1	0	0	0	0	0	0	0	0	0	0	0	0	0	0	0	0	0	0
OTU_515	0	0	0	0	0	1	0	0	0	0	1	0	0	0	0	0	0	0	2	0	0	2	0	0	0	0	8
OTU_696	0	0	2	0	0	0	1	1	1	0	0	0	0	0	0	0	0	1	2	3	1	2	0	0	3	0	0
OTU_658	1	0	1	0	0	1	3	0	0	0	0	0	0	1	0	0	0	0	0	0	0	0	0	0	0	0	0
OTU_752	0	0	0	0	0	1	0	0	0	0	0	0	0	0	0	0	1	0	0	0	0	0	0	0	0	0	0
OTU_364	1	0	1	0	0	0	1	1	1	0	0	0	0	0	1	0	0	0	0	0	0	0	0	0	0	0	0
OTU_935	0	0	0	0	0	0	0	0	1	0	0	0	0	1	0	0	0	0	0	0	0	0	0	0	0	0	0
OTU_578	0	0	1	1	0	0	1	0	1	0	0	0	1	0	0	0	0	0	0	0	0	0	0	0	0	0	0
OTU_821	0	0	0	0	0	0	0	1	1	0	0	0	0	0	0	0	0	0	0	0	0	0	0	0	0	0	0
OTU_867	0	0	0	0	0	0	0	0	1	0	0	0	0	0	0	0	0	0	0	0	0	0	0	0	0	0	0
OTU_670	0	0	0	0	0	1	1	0	1	0	0	0	0	0	0	0	0	0	0	0	1	0	0	0	0	0	0
OTU_308	0	0	1	0	0	1	1	2	0	0	0	0	1	2	0	0	1	0	0	0	0	0	0	0	0	0	0
OTU_595	1	0	0	0	0	0	0	0	0	0	0	0	0	0	1	0	0	0	0	0	1	0	0	0	0	0	0
OTU_489	0	1	0	0	0	0	0	1	0	0	0	0	0	0	0	1	0	0	0	0	0	0	0	0	0	0	0
OTU_611	0	0	1	0	0	0	0	1	0	0	0	0	0	0	0	0	0	0	0	0	0	0	0	0	0	0	0
OTU_415	1	0	1	2	0	0	0	1	0	0	0	0	0	0	0	0	0	1	0	5	0	0	1	0	0	0	0
OTU_859	0	0	1	0	3	0	0	0	1	0	0	0	0	0	0	0	0	0	0	0	0	0	1	0	0	0	0
OTU_755	0	0	1	0	0	0	0	0	0	0	0	0	0	0	0	0	1	0	0	0	0	0	0	0	0	0	0
OTU_573	0	0	1	0	0	0	0	0	1	0	0	0	0	0	0	0	0	1	0	0	0	0	0	0	0	0	0
OTU_866	0	0	0	0	0	1	0	0	1	0	0	4	1	0	0	0	0	0	0	0	0	0	0	0	0	0	0
OTU_431	0	0	0	1	0	2	0	0	0	0	0	0	0	0	1	0	0	0	0	0	0	0	0	0	0	0	0
OTU_521	0	0	0	0	0	1	1	0	0	0	0	0	0	1	0	0	1	0	0	0	0	2	1	0	0	0	0
OTU_545	0	0	0	0	0	0	0	0	0	0	1	0	0	0	1	0	0	0	2	0	0	0	0	0	0	0	0
OTU_381	0	0	1	2	0	0	1	1	1	0	0	0	0	3	0	0	0	0	0	0	1	0	0	0	0	0	0
OTU_725	1	0	0	1	0	0	1	0	0	1	0	0	0	2	0	1	0	0	0	0	1	0	0	3	0	2	0
OTU_339	0	0	1	1	0	0	0	1	0	0	0	0	0	0	0	1	0	1	0	0	1	0	0	0	0	0	0
OTU_626	0	2	1	0	0	0	0	0	0	1	0	0	0	0	1	0	0	0	2	0	1	0	0	0	0	0	0
OTU_580	1	1	0	0	0	0	0	0	0	0	1	0	1	1	0	0	0	0	0	0	0	0	0	0	0	0	0
OTU_700	0	0	0	1	0	0	0	0	0	0	1	0	0	0	0	0	0	0	0	0	0	0	1	0	0	0	0
OTU_472	1	0	1	0	0	0	1	2	0	0	0	0	1	0	0	0	0	0	0	0	1	0	0	0	0	0	0
OTU_857	0	0	0	0	0	0	0	1	0	0	0	0	0	0	0	1	0	0	0	0	0	0	0	0	0	0	0
OTU_542	0	0	0	0	0	0	0	0	1	0	1	0	0	0	0	0	0	0	0	0	1	0	1	0	0	0	0
OTU_454	1	0	1	0	0	0	0	1	0	0	1	0	0	0	0	0	2	0	0	0	1	0	0	0	0	0	0
OTU_511	0	0	0	0	0	0	0	1	0	0	0	0	1	0	1	0	0	0	0	0	0	0	0	0	0	0	0
OTU_543	0	0	0	0	0	0	0	0	0	0	0	0	0	0	0	1	0	0	0	0	0	0	0	0	0	0	0
OTU_520	0	0	0	0	0	0	0	1	1	0	1	0	0	0	0	0	1	0	2	0	0	0	0	0	0	0	0
OTU_566	0	0	1	0	0	0	0	0	0	0	0	0	0	0	0	0	0	0	0	0	0	0	1	0	3	0	0
OTU_912	0	0	1	0	0	0	1	0	0	0	0	0	1	0	0	0	0	0	0	0	1	0	1	0	0	0	0
OTU_774	0	0	0	0	0	0	1	1	0	0	1	0	0	1	0	0	0	0	0	0	0	0	0	0	0	0	0
OTU_644	1	0	1	0	0	0	1	2	0	0	0	0	0	0	0	0	0	0	0	0	0	0	0	0	0	0	0
OTU_533	0	0	1	0	0	0	0	0	0	0	1	0	0	1	1	0	0	0	0	0	1	0	0	3	0	0	0
OTU_689	0	0	0	0	0	0	0	0	1	0	0	0	0	0	0	0	0	0	0	0	0	0	0	0	0	0	0
OTU_500	0	0	0	0	0	0	0	1	0	0	1	0	0	1	1	1	0	0	0	0	0	0	0	0	0	0	0
OTU_669	0	1	1	0	0	0	0	0	0	0	0	0	0	1	1	0	0	0	0	0	0	0	1	3	0	0	0
OTU_634	0	0	1	0	0	1	0	0	0	0	0	0	1	0	0	0	1	0	0	0	1	0	0	0	0	0	0
OTU_622	0	0	0	0	0	0	0	1	0	0	0	0	0	0	0	1	0	0	0	0	0	0	0	0	0	0	0
OTU_564	0	0	0	0	0	0	0	0	0	0	1	0	0	0	0	0	0	0	0	0	0	0	1	0	0	0	0
OTU_862	0	0	0	0	0	0	0	0	0	0	0	0	0	0	0	0	0	1	0	0	0	0	0	0	0	0	0
OTU_850	0	0	0	0	0	0	1	1	0	0	0	0	0	0	0	0	0	0	0	0	0	0	0	0	0	0	0
OTU_846	0	0	0	0	0	0	0	2	0	0	0	0	0	0	0	0	0	0	0	0	0	0	0	0	0	0	0
OTU_547	1	1	0	0	0	1	1	0	0	0	0	0	1	0	0	0	0	0	0	0	0	0	0	0	0	0	0
OTU_354	0	0	0	0	0	0	0	8	0	0	0	0	0	0	0	0	0	0	0	0	1	0	0	0	0	0	0
OTU_889	0	0	0	0	0	0	1	0	0	0	0	0	1	0	0	0	0	0	0	0	0	0	1	0	0	0	0
OTU_588	0	2	1	0	0	0	1	0	0	0	1	0	0	0	1	1	0	0	0	0	0	0	0	0	0	0	0
OTU_636	0	0	0	0	0	0	1	0	0	0	0	0	0	0	0	0	0	1	0	0	0	0	0	0	0	0	0
OTU_680	0	2	2	0	0	1	0	1	0	0	0	0	0	0	0	0	0	0	0	0	1	0	0	0	0	0	0
OTU_504	0	1	1	0	0	0	1	0	1	0	2	0	0	0	0	1	0	0	0	0	0	0	0	0	0	0	0
OTU_358	0	0	0	0	0	0	0	0	0	0	0	0	0	1	3	0	3	0	0	0	1	0	0	0	0	0	0
OTU_923	0	0	1	0	0	1	0	1	1	0	0	0	0	0	0	1	0	0	0	0	1	0	0	0	0	0	0
OTU_649	0	0	1	0	0	0	0	1	0	0	0	0	0	1	1	0	0	0	0	0	0	0	0	0	0	0	0
OTU_903	0	0	0	0	0	0	1	0	0	0	1	0	0	0	0	0	0	0	0	0	0	0	0	0	0	0	0
OTU_953	0	0	0	0	0	0	1	0	0	0	0	0	0	0	0	0	0	0	0	0	0	0	0	0	0	0	0
OTU_921	0	0	0	0	0	0	0	1	0	0	0	0	0	0	0	0	0	0	0	0	0	0	1	0	0	0	0
OTU_709	0	0	0	1	0	0	1	0	0	0	0	0	0	0	1	0	0	1	0	0	1	0	0	0	0	0	0
OTU_844	0	0	0	0	0	0	0	1	0	0	0	0	0	0	0	0	0	0	0	0	0	0	0	0	0	0	0
OTU_798	0	0	1	0	0	1	0	0	0	0	0	0	0	0	1	0	0	0	0	0	0	0	1	0	0	2	0
OTU_606	0	1	0	0	0	0	0	0	0	1	0	0	0	0	0	0	1	0	0	0	0	0	1	0	0	2	0
OTU_690	0	0	0	0	0	0	0	0	0	0	0	4	0	0	0	0	0	0	0	0	0	0	0	0	0	0	0
OTU_919	0	0	1	0	0	0	1	0	0	0	0	0	0	0	0	0	0	0	0	0	0	0	0	0	0	0	0
OTU_434	1	2	1	0	0	1	2	0	0	1	0	0	1	0	0	0	0	0	0	0	1	0	1	0	0	0	0
OTU_853	0	0	1	1	0	0	0	0	0	0	0	0	1	1	0	0	0	0	0	0	1	0	0	0	0	0	0
OTU_847	0	0	0	0	0	0	0	1	1	0	0	0	0	0	1	0	0	0	0	0	0	0	0	0	0	0	0
OTU_822	0	0	0	0	0	0	0	0	0	0	0	0	0	0	0	0	0	0	0	0	0	0	0	0	0	0	0
OTU_926	0	0	0	0	0	0	0	0	0	0	0	0	0	0	0	0	0	0	0	0	1	0	0	0	0	0	0
OTU_876	0	0	0	0	0	1	0	0	0	0	0	0	0	0	0	0	0	0	0	0	0	0	0	0	0	0	0
OTU_416	0	0	0	1	0	0	0	0	0	0	0	0	0	0	0	0	1	0	0	0	1	0	0	0	0	0	0
OTU_856	0	1	0	0	0	0	1	0	0	0	0	0	0	0	0	0	0	0	0	0	0	0	0	0	0	0	0
OTU_902	0	0	0	0	0	0	0	0	0	0	0	0	0	0	0	0	0	1	0	0	0	0	0	0	0	0	0
OTU_869	0	0	0	0	0	0	0	0	0	0	0	0	1	0	1	0	1	0	0	0	1	0	0	0	0	0	0
OTU_419	0	1	1	0	0	0	1	0	0	0	2	0	0	1	1	1	1	1	0	0	0	0	0	0	0	0	0
OTU_449	1	0	0	0	0	0	1	1	0	1	0	0	0	0	0	0	0	0	0	0	0	0	1	0	0	0	4
OTU_549	0	1	0	0	0	0	0	0	0	0	0	0	0	0	0	0	0	1	0	0	0	0	0	0	0	0	0
OTU_975	0	0	0	0	0	0	0	1	0	0	0	4	0	0	0	0	0	0	2	0	0	0	0	0	0	0	0
OTU_667	0	0	0	0	0	0	0	1	0	0	0	0	0	0	0	0	1	0	0	0	0	0	0	0	0	0	0
OTU_852	0	0	0	0	0	0	0	0	0	0	0	0	0	0	0	0	0	0	0	0	1	0	0	3	0	0	0
OTU_663	0	0	0	0	0	0	0	0	0	0	0	0	0	0	1	0	1	0	0	0	0	0	0	0	0	0	0
OTU_563	0	0	1	0	0	1	0	0	0	0	0	0	0	1	0	0	0	0	0	0	0	0	0	3	0	0	0
OTU_708	0	0	0	1	0	0	0	0	0	0	0	0	0	0	0	0	0	0	0	0	1	0	0	0	0	0	0
OTU_944	0	0	0	0	0	0	1	0	0	0	0	0	0	0	0	0	0	0	0	0	0	0	0	0	0	0	0
OTU_592	0	0	0	0	0	0	1	0	0	0	0	0	0	0	1	0	1	0	0	0	0	0	0	0	0	0	0
OTU_382	0	1	1	0	0	0	0	0	0	0	0	0	0	0	1	0	0	0	0	0	1	0	0	0	0	0	0
OTU_971	0	0	0	1	0	0	0	0	0	0	0	0	0	0	0	0	0	0	0	0	0	0	0	0	0	0	0
OTU_782	0	0	1	0	0	1	0	1	0	0	0	0	0	0	0	0	0	0	0	0	1	0	0	0	0	0	0
OTU_778	0	0	0	0	0	0	0	0	0	0	0	0	0	0	0	0	0	0	0	0	0	0	0	0	0	0	0
OTU_937	1	1	0	0	0	0	0	0	0	0	0	0	0	0	0	1	0	0	0	0	0	0	0	0	0	0	0
OTU_686	0	0	0	0	0	0	0	0	0	0	0	0	0	1	1	0	0	0	0	0	0	0	1	0	0	0	0
OTU_949	0	0	0	0	0	0	0	2	0	0	0	0	0	0	0	0	0	0	0	0	0	0	0	0	0	0	0
OTU_460	0	0	0	0	0	1	0	0	0	1	1	0	0	0	2	3	1	0	0	0	1	0	0	0	0	0	0
OTU_765	0	0	1	0	0	0	0	0	0	1	0	0	0	0	0	0	0	0	0	3	0	0	0	0	0	0	4
OTU_734	0	0	0	0	0	0	0	0	0	0	0	0	0	0	0	0	1	0	0	0	0	0	0	0	0	0	0
OTU_880	0	0	0	0	0	0	0	0	1	0	0	0	0	0	0	0	0	0	0	0	0	0	0	0	0	0	0
OTU_732	0	0	0	0	0	0	0	0	0	0	1	0	0	0	1	0	0	0	0	3	1	2	1	0	0	0	0
OTU_968	0	0	0	0	0	0	0	1	0	0	0	0	0	0	0	0	0	0	0	0	0	0	0	0	0	0	0
OTU_682	0	0	0	0	0	0	0	1	0	0	0	0	1	0	0	0	0	0	0	0	0	0	0	0	0	0	0
OTU_910	0	0	0	0	0	1	0	0	0	0	0	0	0	0	1	0	0	0	0	0	0	0	0	0	0	0	0
OTU_530	0	0	0	0	0	0	0	0	0	0	0	0	0	0	1	1	0	0	0	0	0	0	1	0	0	0	0
OTU_671	0	1	0	0	0	0	1	0	0	0	1	0	0	1	0	0	1	0	0	0	0	0	0	0	0	0	0
OTU_936	0	0	0	0	3	0	1	0	1	0	0	0	0	0	0	0	0	0	0	0	0	0	0	0	0	0	0
OTU_704	0	0	0	0	0	0	0	0	0	0	0	0	0	0	0	0	0	0	0	0	1	0	0	0	0	0	0
OTU_569	0	0	0	0	0	0	0	0	0	0	0	0	1	0	0	0	0	0	0	0	1	2	0	0	0	0	0
OTU_896	0	0	1	0	0	0	0	0	0	0	0	0	0	0	0	0	0	0	0	0	1	0	0	0	0	0	0
OTU_646	0	0	0	0	0	0	0	0	0	1	0	0	1	0	0	0	0	0	0	0	0	0	0	0	0	0	0
OTU_777	0	0	0	0	0	0	0	0	0	0	0	0	0	0	0	0	0	0	0	0	0	0	1	0	0	0	0
OTU_479	0	0	1	0	0	0	1	1	0	0	0	0	0	1	1	0	0	0	0	0	0	0	0	0	0	0	0
OTU_764	0	0	1	0	0	0	0	1	0	0	0	0	0	0	0	0	1	0	0	0	0	0	0	0	0	0	0
OTU_801	0	0	0	0	0	0	1	0	0	0	0	0	0	0	0	0	1	1	0	0	0	0	0	3	0	0	0
OTU_791	0	0	1	0	0	0	0	0	0	0	0	0	0	0	0	0	0	0	0	0	0	0	0	0	0	0	0
OTU_845	0	0	0	0	0	0	0	0	0	0	0	0	0	1	0	0	0	0	0	0	0	0	0	0	0	0	0
OTU_614	0	0	0	0	0	0	0	1	0	0	0	0	0	0	1	0	0	0	0	0	0	0	0	0	0	0	4
OTU_753	0	0	0	0	0	0	1	0	0	0	0	0	0	0	0	0	0	0	0	0	0	0	1	0	0	0	0
OTU_502	0	0	0	1	0	0	0	1	1	1	0	0	0	0	0	0	0	0	0	0	1	0	0	0	0	0	0
OTU_806	0	0	1	0	0	0	0	0	0	0	0	0	0	0	0	0	0	0	0	0	0	0	0	0	0	0	0
OTU_962	0	0	0	0	0	0	0	1	0	0	1	0	0	1	0	0	0	0	0	0	0	0	0	0	0	0	0
OTU_955	0	0	0	0	0	0	0	1	0	0	0	0	0	0	0	0	0	0	0	0	0	0	0	0	0	0	0
OTU_754	0	0	0	0	0	0	0	1	0	1	0	0	0	0	0	0	0	0	0	0	0	0	0	0	0	0	0
OTU_642	0	0	0	0	0	0	0	0	0	1	0	0	0	0	0	0	1	0	0	0	0	0	0	0	0	0	0
OTU_710	0	0	0	0	0	0	0	0	0	0	0	0	0	0	0	1	0	0	0	0	0	0	0	0	0	0	0
OTU_958	0	0	1	0	0	0	0	0	0	0	0	0	0	0	0	0	0	0	0	0	0	0	0	0	0	0	0
OTU_673	0	0	0	0	0	0	0	0	0	0	0	0	0	0	0	0	1	0	0	0	0	0	0	0	0	0	0
OTU_757	0	0	0	0	0	0	0	0	0	0	0	0	0	0	1	0	0	0	0	0	0	0	0	0	0	0	0
OTU_776	0	1	0	1	0	0	1	1	0	0	0	0	0	0	0	0	0	0	0	0	0	0	0	0	0	0	0
OTU_742	0	0	1	0	0	0	0	0	0	0	0	0	0	0	0	0	0	0	0	0	0	0	0	0	0	0	0
OTU_758	0	0	0	0	0	0	0	0	0	0	0	0	0	0	0	0	1	0	0	0	0	0	0	0	0	0	0
OTU_954	0	0	0	0	0	0	0	0	0	0	1	0	0	0	0	0	0	0	0	0	0	0	0	0	0	0	0
OTU_771	0	0	0	0	0	0	1	0	0	0	0	0	0	0	0	0	1	0	0	0	1	0	0	0	0	0	0
OTU_702	0	0	0	0	0	0	0	0	0	0	1	0	0	0	0	0	0	0	0	0	0	0	1	0	0	0	0
OTU_621	0	1	0	0	0	0	0	1	0	0	0	0	0	0	1	0	0	0	0	0	0	0	0	3	0	2	0
OTU_745	0	0	1	0	0	0	0	0	1	0	0	0	0	0	0	0	0	0	0	0	0	0	0	0	0	0	0
OTU_546	0	0	0	0	0	0	0	0	0	0	0	0	0	0	0	0	0	0	0	0	0	0	0	0	3	0	0
OTU_762	0	0	1	0	0	0	0	0	0	0	0	0	0	0	0	0	0	0	0	0	1	0	0	3	0	0	0
OTU_524	1	0	0	0	0	0	0	0	0	0	0	0	0	0	0	0	0	1	0	0	1	0	1	0	0	0	0
OTU_648	0	0	0	0	0	0	0	0	0	0	0	0	1	0	0	0	0	0	0	0	0	0	0	0	0	0	0
OTU_744	0	1	0	0	0	0	0	1	0	0	0	0	0	0	0	0	0	0	0	0	0	0	0	0	0	0	0
OTU_665	0	0	0	0	0	0	0	0	0	0	0	0	0	0	0	0	1	0	0	0	0	0	0	3	0	0	0
OTU_945	0	1	0	0	0	0	0	1	0	0	0	0	0	1	0	0	0	0	0	0	1	0	0	0	0	0	0
OTU_883	0	0	0	0	0	1	0	0	0	0	1	0	0	0	0	0	0	0	0	0	0	0	0	0	0	0	0
OTU_597	0	0	0	0	0	0	0	0	0	1	0	0	0	0	0	0	0	0	0	0	2	0	1	0	0	0	0
OTU_683	0	0	0	0	0	0	1	0	0	0	1	0	0	0	0	0	1	0	0	0	0	0	0	0	0	0	0
OTU_720	0	0	0	0	0	0	1	0	0	0	1	0	0	0	0	0	0	0	0	0	0	0	0	0	0	0	0
OTU_656	0	0	0	0	0	0	1	1	0	0	0	0	0	0	1	0	0	0	0	0	0	0	0	0	0	0	0
OTU_909	0	0	0	0	0	0	0	0	0	0	0	0	1	0	0	0	0	0	0	0	0	0	0	0	0	0	0
OTU_963	0	0	0	0	0	0	0	0	0	0	0	0	0	0	1	0	0	0	0	0	0	0	0	0	0	0	0
OTU_722	0	0	0	0	0	0	0	0	0	0	1	0	0	0	0	0	0	0	0	0	0	0	0	0	0	0	0
OTU_960	0	0	0	0	0	0	0	0	0	0	0	0	0	0	0	0	1	0	0	0	0	0	0	0	0	0	0
OTU_699	0	0	0	0	0	0	0	0	2	0	1	0	0	0	0	0	0	0	0	0	0	0	0	0	0	0	0
OTU_967	0	0	0	0	0	0	0	0	0	0	0	0	0	0	0	0	0	0	0	0	1	0	0	0	0	0	0
OTU_939	0	0	0	0	0	0	0	0	0	0	0	0	0	0	0	0	1	0	0	0	0	0	0	0	0	0	0
OTU_714	0	0	0	0	0	0	0	0	0	0	0	0	1	0	0	0	0	0	0	0	0	0	0	0	0	0	0
OTU_613	0	0	1	0	0	1	1	0	0	0	1	0	0	1	0	0	0	0	0	0	0	0	0	0	3	0	0
OTU_717	0	0	1	0	0	0	1	0	0	0	0	0	0	0	0	0	2	0	0	0	0	0	0	0	0	0	0
OTU_904	0	0	0	0	0	0	0	1	0	0	0	0	0	1	0	0	0	0	0	0	0	0	0	0	0	0	0
OTU_584	0	0	1	0	0	0	0	1	1	0	0	0	0	0	0	0	0	0	0	0	0	0	0	0	0	0	0
OTU_816	0	0	0	0	0	0	0	1	0	0	0	0	0	0	0	0	0	0	0	0	0	0	0	0	0	0	0
OTU_598	0	0	0	0	0	0	0	0	0	0	0	0	0	0	0	0	0	0	0	0	3	0	1	0	0	0	0
OTU_768	0	0	1	0	0	0	0	0	0	0	0	4	0	0	0	0	0	0	0	0	0	0	0	0	0	0	0
OTU_802	1	0	0	0	0	0	0	0	0	0	0	0	0	0	0	0	0	0	0	0	0	0	0	0	0	0	0
OTU_885	0	0	0	0	0	0	0	1	0	0	0	0	0	1	0	0	0	0	0	0	0	0	0	0	0	0	0
OTU_808	0	1	0	0	0	0	0	0	0	0	0	0	0	0	1	0	0	0	0	0	1	0	0	0	0	0	0
OTU_928	0	0	0	0	0	0	1	1	0	0	0	0	0	0	0	0	0	0	0	0	0	0	0	0	0	0	0
OTU_877	0	0	0	0	0	0	0	0	0	0	0	0	0	0	0	0	1	0	0	0	0	0	0	0	0	0	0
OTU_740	0	0	0	0	0	0	0	0	0	0	0	0	0	0	0	0	0	0	0	0	0	0	0	0	0	0	0
OTU_894	0	0	0	0	0	0	1	1	0	0	1	0	0	0	0	0	0	0	0	0	0	0	0	0	0	0	0
OTU_970	0	0	0	0	0	0	0	0	0	0	0	0	0	0	0	0	0	0	0	0	1	0	0	0	0	0	0
OTU_871	0	0	0	0	0	1	1	1	0	0	0	0	0	0	1	0	0	0	0	0	0	0	0	0	0	0	0
OTU_698	0	0	0	0	0	0	1	0	0	0	0	0	0	0	0	0	0	0	0	0	0	0	0	0	0	0	0
OTU_586	0	0	1	0	0	1	0	0	0	0	0	0	0	0	0	0	1	0	0	0	0	0	0	0	0	0	0
OTU_900	0	0	0	0	0	0	0	1	0	1	0	0	0	0	1	0	0	0	0	0	0	0	0	0	0	0	0
OTU_916	0	0	0	0	0	0	0	1	0	0	0	0	0	0	0	0	0	0	0	0	0	0	0	0	0	0	0
OTU_694	0	0	0	0	0	0	0	0	0	0	0	0	1	0	1	0	0	0	0	0	0	0	0	0	0	0	0
OTU_739	0	0	0	0	0	0	0	0	0	1	0	0	0	0	0	0	0	0	0	0	1	0	0	0	0	0	0
OTU_925	0	0	0	0	0	0	0	0	0	0	1	0	0	0	0	0	0	0	0	0	0	0	0	0	0	0	0
OTU_735	0	0	0	0	0	0	0	0	0	0	0	0	0	0	0	0	0	0	0	0	1	0	1	0	0	0	0
OTU_920	0	0	0	0	0	0	0	0	0	0	0	0	0	0	0	0	0	0	0	0	0	0	0	0	0	0	0
OTU_899	0	1	0	0	0	0	0	0	0	0	0	0	0	0	0	0	0	0	0	0	0	0	0	0	0	0	0
OTU_795	0	0	1	0	0	0	0	0	0	0	0	0	0	0	0	0	0	0	0	0	0	0	0	0	0	0	0
OTU_529	0	2	1	0	0	0	0	1	0	0	0	0	0	0	0	0	0	0	0	0	0	0	0	0	0	0	0
OTU_730	0	0	0	0	0	0	0	0	0	0	0	0	0	0	1	0	0	0	0	0	0	0	0	0	0	0	0
OTU_668	0	0	0	0	0	0	0	0	0	0	0	0	0	0	0	0	0	1	0	0	1	0	0	0	0	2	0
OTU_785	0	0	0	0	0	0	0	1	0	0	0	0	0	0	0	0	0	0	0	0	1	0	0	0	0	0	0
OTU_672	0	0	0	1	0	0	0	0	0	0	0	0	0	0	1	0	0	0	0	0	1	0	0	0	0	0	0
OTU_895	0	0	0	0	0	0	0	1	0	0	0	0	0	0	1	0	0	0	0	0	0	0	0	0	0	0	0
OTU_770	0	0	0	0	0	0	0	0	0	0	1	0	0	0	0	0	0	0	0	0	0	0	0	0	0	0	0
OTU_532	0	0	0	0	0	0	0	0	0	1	0	0	0	0	0	0	0	0	0	0	0	0	0	0	0	0	0
OTU_878	0	0	1	0	0	0	0	0	0	0	0	0	0	0	0	0	0	0	0	0	0	0	0	0	0	0	0
OTU_915	0	0	0	0	0	0	0	0	0	0	0	0	0	0	0	0	1	0	0	0	0	0	0	0	0	0	0
OTU_792	0	0	0	0	0	0	0	0	0	0	0	0	0	0	0	0	0	0	0	0	1	0	0	0	0	0	0
OTU_705	0	1	1	0	0	0	0	0	1	0	0	0	0	0	0	0	0	0	0	0	0	0	1	0	0	0	0
OTU_873	0	0	0	0	0	0	0	1	0	0	0	0	0	0	0	0	0	0	0	0	0	2	0	0	0	0	0
OTU_447	0	0	0	0	0	1	0	0	0	0	1	0	0	0	0	0	0	0	0	0	0	0	0	3	0	0	0
OTU_959	0	0	0	0	0	0	0	0	0	0	0	0	0	0	0	0	0	0	0	0	0	0	0	0	0	0	0
OTU_812	0	0	0	0	0	0	0	0	0	0	0	0	0	0	0	0	0	0	0	0	0	0	1	0	0	0	4
OTU_897	0	0	0	0	0	0	1	1	0	0	0	0	0	0	0	0	0	0	0	0	0	0	0	0	0	0	0
OTU_892	0	0	0	0	0	0	0	0	0	0	0	0	0	0	1	0	0	0	0	0	0	0	0	0	0	0	0
OTU_633	0	0	1	0	0	0	0	0	0	0	0	0	0	0	0	0	0	0	0	0	0	0	0	0	0	0	0
OTU_879	0	0	0	0	0	0	1	1	0	0	0	0	0	0	0	0	0	0	0	0	0	0	1	0	0	0	0
OTU_956	0	0	0	0	0	0	0	0	0	0	1	0	0	0	0	0	0	0	0	0	0	0	0	0	0	0	0
OTU_386	0	1	0	0	0	0	0	1	0	0	0	0	1	0	0	0	0	0	0	0	0	0	1	0	0	0	0
OTU_750	0	0	0	0	0	0	0	0	0	0	0	0	0	0	0	0	0	0	0	0	0	0	0	0	0	0	0
OTU_582	0	0	0	0	0	0	0	0	0	0	0	4	0	0	0	0	0	1	0	0	0	0	0	0	0	0	0
OTU_794	0	1	0	0	0	0	0	0	0	0	0	0	0	0	0	0	0	0	0	0	0	0	0	0	0	0	0
OTU_786	0	0	0	0	0	0	0	0	0	0	0	4	0	0	0	0	0	0	0	0	1	0	0	0	0	0	0
OTU_934	0	1	0	0	0	0	0	0	0	0	0	0	0	0	0	0	0	0	0	3	0	0	1	0	0	0	0
OTU_917	0	0	0	0	0	0	0	2	0	0	0	0	0	0	0	0	0	0	0	0	0	0	0	0	0	0	0
OTU_855	0	0	0	0	0	0	0	0	0	0	0	0	0	2	1	0	0	0	0	0	1	0	0	0	0	0	0
OTU_789	0	0	0	0	0	0	0	1	0	0	0	0	0	0	0	0	0	0	0	0	0	0	0	0	0	0	0
OTU_497	0	0	1	0	0	0	0	1	0	0	1	0	0	0	1	0	0	0	0	0	0	0	0	0	0	0	0
OTU_721	0	0	0	0	0	0	0	0	0	0	0	0	0	0	0	0	0	0	0	0	0	0	0	0	0	0	0
OTU_884	0	0	0	0	0	0	0	0	0	0	0	0	0	0	0	0	1	0	0	0	1	0	0	0	0	0	0
OTU_893	0	0	0	0	0	0	0	1	0	0	0	0	0	0	0	0	0	0	0	0	0	0	0	0	0	0	0
OTU_787	0	0	0	0	0	0	2	0	0	0	0	0	0	0	0	0	0	0	0	0	0	0	1	0	0	2	0
OTU_950	0	0	0	1	0	0	0	0	0	0	0	0	0	0	0	0	0	0	0	0	0	0	0	0	0	0	0
OTU_761	0	0	0	0	0	1	0	0	0	0	0	0	0	0	0	0	0	0	0	0	0	0	0	0	0	0	0
OTU_891	0	0	0	0	0	0	0	0	0	0	0	0	0	0	0	0	0	0	0	0	1	0	0	0	0	0	0
OTU_733	0	0	0	0	0	1	0	0	0	0	0	0	0	0	0	0	0	0	0	0	0	0	1	0	0	0	0
