KO6	WT8	KO2	KO5	OE2	WT1	WT2	WT4	KO7	KO3	WT6	KO9	WT3	KO1	KO4	WT5	KO8	OE6	OE5	WT7	OE7	WT9	OE1	OE8	OE9
OTU_52	6.3706	5.5377	5.492	6.0942	2.9386	5.5047	5.6034	5.3971	6.5136	5.5653	4.9012	6.0418	6.2969	5.9084	5.9533	6.144	5.8546	4.0911	5.1251	5.937	3.9865	5.5271	4.7938	6.0093	5.5834
OTU_12	10.279	9.1099	9.7707	9.9114	9.5203	9.7867	9.5389	9.8083	10.084	9.5632	9.4651	9.9508	9.8219	10.072	10.019	10.302	10.081	9.3518	9.466	10.181	9.4492	9.7577	9.2792	8.7326	9.4328
OTU_81	6.9948	7.6069	6.7647	9.4063	7.7879	7.149	5.8615	7.4516	8.4697	7.4497	9.8648	7.7215	6.8758	7.6481	7.4434	6.8905	8.3157	8.0095	8.1756	7.7274	8.5014	7.2057	7.4714	6.6926	7.7613
OTU_39	6.4833	6.4738	6.7445	6.1169	7.1396	6.2534	6.6121	6.4337	7.1599	7.0935	6.004	6.521	6.2969	6.3657	6.2979	6.3887	8.1065	6.3437	7.2084	6.6283	6.4936	5.978	6.8905	6.8227	6.7044
OTU_2	10.987	10.653	11.409	10.637	11.095	10.555	9.6051	10.649	11.041	11.381	9.9357	10.648	10.334	11.76	10.982	11.037	12.134	10.615	10.628	10.728	10.938	10.46	10.24	10.17	10.504
OTU_3	10.369	11.886	10.809	11.58	11.032	10.863	10.349	11.074	11.253	10.652	10.997	11.282	11.021	11.066	11.777	11.255	11.153	11.127	11.088	10.469	11.47	11.03	10.782	10.375	11.215
OTU_1	10.98	12.822	11.192	11.302	9.7387	12.947	12.308	11.904	11.932	13.644	12.038	10.975	11.711	11.447	11.737	12.81	11.507	9.9749	9.5662	11.758	9.9814	12.345	9.4653	9.2312	9.9399
OTU_5	10.013	8.8693	9.1966	9.5698	9.1657	9.5911	9.1245	9.4056	9.9456	8.4359	9.0787	9.7962	9.7738	9.1683	9.7636	9.5348	9.7842	8.9609	8.6716	9.7914	9.1927	9.4748	8.9609	8.7491	8.7735
OTU_262	6.5012	6.2041	6.1763	5.9994	6.7504	6.6077	6.7882	5.5511	7.9956	5.7318	5.3474	6.9192	6.4555	6.3297	7.8087	7.2825	8.1281	6.9541	6.8328	7.7402	6.4936	6.321	6.8905	6.5497	6.9973
OTU_67	6.3706	6.6143	4.6599	4.6989	5.1015	3.6534	4.7223	4.9571	5.1601	6.6365	5.7373	4.4651	5.1394	5.0698	4.7315	5.1642	5.8888	4.4848	5.3416	4.9603	5.6584	4.9577	4.0911	5.4887	5.0817
OTU_49	10.803	11.821	10.786	11.152	11.281	10.622	10.003	10.729	11.338	11.222	10.157	11.532	10.694	11.438	11.106	10.84	11.831	11.567	11.354	10.949	11.677	11.011	11.023	10.632	11.276
OTU_111	9.9769	11.166	9.9975	10.368	10.493	9.6821	9.4727	10.377	10.73	11.395	9.3501	10.713	9.7005	10.422	10.233	9.5806	11.019	10.728	10.56	9.591	10.984	10.287	9.9672	9.8877	10.372
OTU_23	8.8771	7.3895	8.6713	8.6341	8.1344	8.3111	8.6417	7.7771	8.7746	7.8409	7.8695	8.9675	8.335	8.5379	9.0092	9.4786	8.9865	8.8144	8.6311	9.135	9.3542	7.8592	8.7077	8.7326	8.2582
OTU_62	5.3685	3.335	4.8234	4.8148	4.3923	4.4748	4.8065	4.5331	5.745	3.3604	4.6127	5.6341	5.4718	4.8833	5.5612	5.1642	6.246	3.5478	5.5298	5.2009	5.6584	4.558	5.7675	3.9666	5.8414
OTU_8	8.1906	7.309	7.8652	8.0841	8.2013	7.6146	7.5447	8.0163	8.6765	7.7193	7.5323	7.7544	8.4047	7.8399	8.4062	8.9592	8.6304	8.3061	8.0885	8.5752	8.1706	7.7247	7.9167	7.9645	8.344
OTU_58	6.1381	5.6289	7.6091	6.2871	5.1015	7.0046	6.9075	7.1798	7.0985	7.031	6.004	6.1934	6.6319	6.5958	6.4995	5.9026	6.8766	6.3437	6.1043	7.1899	5.7933	5.9343	6.7542	5.4887	6.418
OTU_43	6.8622	5.1015	5.7168	5.9994	4.3923	6.1395	6.6354	5.776	6.1799	6.1401	5.8318	6.5462	5.9155	5.6981	6.7833	7.0883	6.4196	6.4357	6.422	6.39	6.0303	5.2703	5.7675	4.9197	6.9433
OTU_16	6.4833	4.4733	7.4678	8.371	4.7901	6.9828	6.8291	7.4646	5.718	6.8971	10.315	6.345	7.1553	6.7402	7.1458	6.9679	5.3653	6.0262	5.3416	7.3316	6.1356	5.0424	5.0481	5.1353	5.5834
OTU_20	8.4711	7.9802	8.2858	8.3805	8.0643	8.2483	7.8724	8.1348	8.4778	8.1948	8.0473	9.4142	8.1031	8.6298	8.9415	8.106	8.6049	8.0681	7.7901	8.9049	8.441	8.2639	7.9792	7.3396	8.018
OTU_30	6.0915	6.7826	5.9112	5.898	4.7901	6.636	5.7805	6.2658	5.7715	6.7496	6.1578	6.345	6.3382	6.5016	5.9533	5.8491	5.5475	5.2643	4.5606	6.5435	3.9865	6.7568	4.0911	4.3584	4.8664
OTU_9	8.8388	7.8346	7.9205	8.7146	7.3309	8.3962	7.6396	8.3668	8.6302	7.7738	7.7414	8.4094	8.5698	8.201	8.6727	8.9905	8.4533	7.783	7.4136	8.2399	7.7406	8.2282	7.3347	7.2955	7.5607
OTU_37	7.8905	7.4902	7.1199	7.5527	7.2699	7.149	8.5531	7.5884	10.026	5.8232	8.732	7.6935	7.5736	7.2452	7.987	7.4714	8.3771	6.7542	6.8328	7.4294	6.963	6.877	7.3347	5.4887	5.955
OTU_94	6.2053	5.3361	6.0825	6.2669	5.1015	6.2164	5.7383	6.2952	6.9442	6.1401	5.5275	6.1934	5.9691	5.4519	6.1258	6.497	5.9222	5.6185	4.8703	6.1043	6.2338	5.4671	4.7938	5.3228	4.6132
OTU_176	3.6086	2.0109	4.3734	4.018	4.7901	3.8593	3.5983	3.9298	4.3827	3.5146	3.5644	3.627	2.9726	3.1932	3.3001	4.0224	4.2502	4.0911	0.0	3.6205	3.9865	3.3783	2.6662	3.9666	2.5097
OTU_783	4.1536	3.7138	3.1022	3.9179	5.1015	3.1247	4.6328	3.3914	3.798	3.8977	3.7693	5.9311	4.5748	4.669	4.3692	7.2825	4.4465	3.5478	6.2181	4.4407	4.6866	4.4381	4.0911	4.3584	5.0817
OTU_10	8.0018	4.2617	7.7479	6.5437	5.9307	6.5789	7.6047	7.0821	8.7247	4.7893	7.1477	6.9946	8.2182	6.0031	6.7573	7.1337	7.0068	6.1399	5.3416	9.1446	6.1356	7.1108	5.4522	5.1353	5.269
OTU_38	4.9124	4.6578	5.5862	5.4378	5.1015	5.7313	4.6328	5.6902	6.0562	5.377	4.7154	6.316	5.1394	3.9314	5.3686	5.2493	5.2118	4.7938	4.5606	5.3416	5.7933	4.6688	4.4848	4.3584	4.3059
OTU_727	2.1242	5.8722	3.337	3.1044	0.0	2.2813	2.8776	2.5228	1.9925	4.9054	4.3824	2.5524	2.4767	4.2728	3.4373	2.9138	3.8943	2.6662	2.7333	2.2529	0.0	4.558	4.0911	2.5553	0.0
OTU_32	7.2602	8.0479	7.5402	6.0237	6.3399	8.3457	7.3619	7.164	6.0125	8.6043	6.5678	6.3306	6.5983	7.6771	7.1051	7.8977	8.0397	6.8905	5.5298	7.4136	5.3435	8.3074	6.3437	4.3584	6.7679
OTU_14	6.5708	5.5377	6.0164	5.5083	5.1015	5.442	4.4353	6.407	5.1601	9.9904	6.3615	6.9854	5.9691	6.2157	4.6771	5.0738	6.3721	4.4848	5.1251	6.422	5.156	5.7947	4.0911	3.4271	6.2502
OTU_53	8.0574	7.2812	7.8078	8.3375	7.9129	7.7884	7.5929	7.3292	8.3074	7.6293	7.4894	8.9534	7.3087	7.6185	8.7895	8.8271	9.3537	8.0391	7.0328	8.7431	8.0136	8.21	7.7112	8.073	7.8224
OTU_22	8.1168	7.7355	8.6926	8.7909	7.4457	8.1828	7.6624	8.8549	8.3519	9.137	7.7656	9.212	7.8555	8.211	8.4875	8.4495	8.4816	7.8176	7.4606	8.7046	8.1706	8.0141	7.2861	7.1544	7.5243
OTU_410	2.1242	2.0109	2.0125	6.5604	0.0	2.2813	2.8776	3.7717	2.7987	2.1623	3.3256	2.9046	1.7151	2.3429	1.5688	1.6684	1.9161	0.0	0.0	4.3098	3.4464	0.0	0.0	3.4271	0.0
OTU_69	5.517	4.2617	6.2063	6.641	3.8413	5.1598	4.9616	5.3419	5.9443	5.7	4.8113	5.3768	4.9392	5.5802	5.3686	4.9773	5.8546	3.5478	5.1251	6.1043	4.6866	4.9577	3.5478	4.3584	4.3059
OTU_185	7.5374	9.4089	7.9824	8.9671	8.7846	8.0733	8.9127	9.0091	9.4391	8.2617	10.457	8.1704	8.4047	8.8685	9.9925	8.6506	8.8759	9.1494	8.9605	8.3523	9.4182	8.8678	8.7077	8.904	9.3313
OTU_61	6.0433	5.4404	5.6746	5.8445	3.8413	5.5647	4.5374	4.8021	5.745	4.7275	4.5021	5.1971	6.0207	5.8586	5.9303	6.6613	5.9548	5.6185	5.1251	5.7974	4.9403	5.4044	5.4522	4.3584	5.269
OTU_583	3.4697	4.6578	3.7159	2.6846	3.8413	5.5647	4.7223	3.9298	2.5766	4.4501	3.3256	3.053	3.6341	3.9314	3.7848	4.7626	2.3676	4.7938	3.6205	3.6205	0.0	4.9577	0.0	3.4271	4.6132
OTU_85	7.0323	6.5689	6.703	7.4489	5.7638	7.2439	6.7029	6.407	7.0985	6.734	6.3295	6.9668	6.759	6.8204	7.2705	7.574	7.0972	5.6185	6.422	6.5723	7.0192	6.4813	6.824	6.2128	6.8288
OTU_13	9.0364	8.5223	8.6221	9.0042	8.8693	8.859	9.3377	8.5301	9.3164	8.2671	8.1968	8.8482	8.3452	8.3435	8.953	9.6527	9.0177	8.9137	8.6104	8.8412	8.9687	8.0246	8.9609	8.2453	8.758
OTU_4	9.4391	11.883	10.178	8.945	8.7177	10.744	8.8791	9.6209	8.6694	11.945	9.645	9.1577	9.1184	10.605	9.6657	10.519	10.359	9.7425	8.6515	9.8036	8.7204	11.381	8.7261	7.907	9.4328
OTU_138	5.4071	4.9682	5.0385	5.924	5.3576	5.0797	4.9616	4.9571	6.16	4.7275	6.4235	5.6103	6.1188	4.8833	6.0635	6.3887	6.6363	5.4522	5.1251	6.0642	5.7933	4.558	5.2643	4.3584	3.915
OTU_7	9.7348	8.8315	9.2114	9.1873	8.8276	9.055	8.9316	8.7997	9.7042	8.5827	8.6565	9.4227	9.4457	9.3322	9.3723	9.6211	9.378	8.7442	8.6515	9.383	8.9105	8.9303	8.4454	8.6119	8.6609
OTU_18	8.5203	7.8724	8.1382	8.4038	8.6233	8.0419	8.1474	8.3874	8.3343	7.789	8.9477	9.3185	8.5258	8.9057	9.0764	9.192	9.2752	8.9916	8.6716	8.7304	8.6331	8.0857	8.354	8.3352	8.1431
OTU_314	2.7223	2.8198	1.332	1.6652	0.0	1.5511	1.3714	0.0	1.5783	1.7301	2.6815	2.5524	2.9726	3.9314	2.7865	3.2802	2.3676	0.0	0.0	2.2529	3.4464	1.5259	0.0	0.0	0.0
OTU_84	3.1438	5.2236	3.5388	5.8445	2.9386	4.3438	4.5374	4.4309	4.9903	5.2064	5.5829	4.8367	4.0859	4.1121	4.4362	4.6418	4.6985	0.0	4.5606	5.1251	3.9865	4.558	2.6662	3.9666	3.3771
OTU_513	5.9418	4.2617	6.1763	5.8715	5.1015	5.8325	5.8216	5.2845	5.3825	6.0164	4.9012	5.6574	5.6131	5.6404	5.731	5.4058	6.1077	5.0481	5.1251	5.937	6.1356	4.3072	5.6185	4.3584	5.0817
OTU_59	7.1278	5.5377	6.703	6.79	5.1015	6.7949	7.0525	6.8245	7.0668	6.3182	6.4536	6.7771	6.2969	6.0031	6.6624	6.7516	7.0972	5.4522	4.8703	6.7342	6.2338	5.8892	6.4357	6.3047	5.7182
OTU_54	6.5708	6.0804	6.5003	6.5604	5.5749	5.7828	5.9004	6.142	6.3476	6.3595	5.7853	6.0418	6.6968	6.1344	5.8341	5.6755	6.6363	5.4522	5.8454	5.7477	5.7933	5.745	5.9026	4.3584	5.269
OTU_72	6.8622	6.2622	6.7647	6.346	6.5597	6.2534	6.4382	6.142	7.1296	5.0128	6.3295	6.9946	7.3697	6.6553	6.8585	7.0883	6.8935	6.2454	6.1043	6.8328	6.0303	6.4507	5.6185	4.9197	6.0602
OTU_323	3.3159	2.0109	2.0125	2.4177	0.0	1.5511	1.3714	2.5228	1.9925	1.7301	3.0392	1.3907	2.4767	3.1932	2.9787	1.6684	2.9882	2.6662	0.0	0.0	0.0	1.5259	2.6662	0.0	2.5097
OTU_102	3.4697	2.0109	3.5388	7.4844	4.3923	2.7637	2.5265	4.5331	4.9903	3.8977	2.2048	4.0365	2.4767	5.3109	3.8842	4.0224	4.1411	4.7938	6.6822	4.1658	2.573	5.0424	2.6662	4.3584	3.915
OTU_128	4.4775	4.0136	4.9703	4.1116	3.8413	3.6534	4.7223	4.7179	4.5139	4.4501	2.2048	3.627	4.7068	4.2728	4.2249	4.8739	4.2502	3.5478	4.1658	4.8703	2.573	3.3783	2.6662	3.9666	0.0
OTU_93	6.8897	6.2041	6.7445	5.3251	6.3399	5.8325	5.1015	5.2247	5.7715	7.0437	4.8113	5.4853	5.7418	6.9208	5.7041	6.7516	6.9102	5.7675	5.6962	5.7477	6.1356	5.5847	4.7938	5.1353	5.0817
OTU_780	6.4467	4.9682	6.2644	7.1732	5.9307	5.6224	6.0804	5.7338	6.7974	4.5246	8.3721	8.8808	4.2679	5.6981	5.7575	7.2206	6.9431	7.7475	5.9806	5.3416	6.5708	7.7751	6.0262	5.8957	6.1583
OTU_938	5.517	4.2617	5.7977	5.4012	4.7901	5.8806	4.6328	5.0971	5.745	4.663	4.9858	5.6341	4.8277	5.0698	5.4357	5.2493	5.8196	4.0911	4.5606	5.6962	4.9403	5.1983	5.0481	4.9197	4.6132
OTU_239	1.0839	0.0	2.4731	2.4177	0.0	0.0	5.4016	1.3686	2.3139	0.0	1.488	1.3907	2.4767	1.6025	3.5627	1.6684	2.3676	2.6662	3.6205	0.0	0.0	3.618	4.0911	0.0	2.5097
OTU_24	7.1393	6.0804	6.8044	7.0126	6.5597	6.4887	6.4901	6.8837	7.4163	7.3197	6.1578	7.0835	7.3087	6.7674	7.2426	7.4714	6.8246	6.4357	6.5141	6.6555	5.9166	6.7057	6.3437	5.3228	6.5683
OTU_28	7.4569	7.2239	6.703	6.9506	6.454	5.9721	6.5645	5.9337	8.1798	5.7629	6.3929	6.6195	6.8474	5.8586	7.1051	7.9238	7.1404	6.6037	5.3416	6.8565	6.0303	7.3289	6.0262	6.1146	6.4951
OTU_171	3.9596	4.6578	4.2637	3.9179	2.9386	3.8593	3.1597	3.7717	3.4503	3.781	3.3256	3.627	4.4295	3.4833	4.4362	3.2802	5.4131	3.5478	0.0	3.8261	4.3786	3.3783	2.6662	4.6662	2.5097
OTU_423	2.7223	3.7138	2.8217	2.6846	0.0	3.6534	3.7759	3.1557	3.4503	1.1102	2.6815	3.529	2.4767	3.1932	2.3025	2.9138	2.3676	2.6662	0.0	2.7333	0.0	0.0	2.6662	0.0	0.0
OTU_66	5.7748	4.4733	5.283	6.0476	5.1015	6.1785	5.0332	5.6453	6.1799	5.4929	4.7154	5.5366	5.4718	4.8833	5.9303	5.7357	5.9867	4.7938	4.1658	5.5298	4.9403	5.1224	5.6185	3.4271	5.4347
OTU_202	3.7353	4.4733	4.145	4.2823	0.0	4.0395	2.8776	3.5941	4.078	4.2884	4.3824	3.7187	3.3409	4.4173	3.9772	4.3651	4.7736	3.5478	2.7333	3.093	2.573	3.618	2.6662	0.0	2.5097
OTU_246	5.5859	4.6578	5.8366	5.2855	4.7901	5.5647	4.7223	5.6453	6.1398	4.5954	4.9012	5.3194	5.4718	3.9314	5.4025	5.3297	5.9222	4.7938	4.5606	5.1251	5.3435	4.4381	5.2643	3.9666	5.0817
OTU_290	3.6086	3.7138	3.337	4.8148	0.0	4.3438	3.3956	3.9298	4.2384	4.4501	4.7154	3.529	3.3409	2.8298	4.8834	3.2802	4.2502	2.6662	2.7333	4.3098	2.573	4.9577	2.6662	0.0	0.0
OTU_130	3.4697	2.8198	3.5388	3.1044	2.9386	3.6534	2.8776	3.5941	2.7987	2.1623	3.5644	4.9918	3.8776	3.1932	3.8842	0.0	4.845	0.0	4.1658	5.2009	3.9865	5.3389	4.4848	0.0	2.5097
OTU_161	5.1125	4.8213	5.8744	5.924	4.7901	5.5047	4.8065	4.8817	5.5447	5.6002	5.2134	4.8367	4.2679	5.1547	5.4681	5.6127	5.8546	5.0481	5.5298	5.3416	4.9403	5.1224	5.4522	5.1353	3.915
OTU_333	1.0839	2.0109	0.0	2.0899	0.0	2.2813	2.8776	2.8736	2.5766	2.1623	1.488	2.7392	1.7151	0.0	0.98789	1.6684	0.0	0.0	0.0	1.5277	0.0	3.3783	2.6662	0.0	2.5097
OTU_21	7.7624	6.8599	7.9824	6.9881	7.1396	6.9152	7.0866	6.7628	6.6625	7.9531	6.9721	6.6431	7.4845	8.6298	7.2796	6.9426	8.5579	7.1837	7.6752	7.1899	6.9046	6.1016	6.4357	6.0093	6.5683
OTU_157	4.2416	2.0109	4.2637	4.2823	3.8413	3.1247	4.3254	3.3914	4.6342	3.1876	3.5644	3.627	3.6341	4.2728	3.678	4.7626	4.2502	4.4848	3.6205	3.3808	3.4464	4.0034	4.4848	3.9666	3.3771
OTU_288	2.9484	2.0109	2.0125	1.0606	0.0	2.2813	2.0616	1.3686	3.3129	3.1876	1.488	2.5524	3.3409	2.3429	2.9787	1.6684	1.9161	0.0	0.0	3.8261	0.0	1.5259	0.0	0.0	0.0
OTU_119	4.4775	3.335	3.7159	4.758	2.9386	3.8593	3.5983	2.8736	3.6912	2.1623	2.6815	3.1875	4.7068	3.4833	4.8834	3.8147	4.9779	4.0911	3.6205	4.1658	3.4464	3.3783	2.6662	2.5553	3.3771
OTU_48	6.2053	4.9682	5.6746	6.6721	5.3576	5.2357	6.2098	5.8959	6.59	5.7934	5.7853	7.7159	6.0706	5.5175	6.4189	6.7805	6.1922	6.2454	6.5141	7.0328	5.6584	4.6688	5.2643	5.6375	5.269
OTU_71	2.9484	2.0109	3.337	4.4349	4.3923	1.5511	3.3956	0.0	6.9558	3.6539	3.3256	3.7187	3.8776	3.7246	4.8345	5.0738	5.4593	3.5478	5.6962	6.422	5.3435	0.0	5.2643	3.4271	4.3059
OTU_242	4.8009	4.6578	3.8735	5.4378	2.9386	4.7058	3.9341	4.0723	4.6342	4.3715	4.6127	4.8771	4.2679	4.669	4.9307	5.3297	4.7736	2.6662	2.7333	4.5606	2.573	4.8677	3.5478	2.5553	2.5097
OTU_76	7.7549	5.5377	7.0052	6.6567	6.2159	5.5047	6.3844	6.324	7.0344	6.4954	6.595	6.2093	6.4555	7.0147	6.9982	5.8491	7.2496	7.1297	6.8328	5.6962	7.3167	6.9446	6.824	6.0093	6.418
OTU_33	7.4569	7.2528	7.5635	8.2216	6.3399	8.2392	6.8291	7.7978	7.6973	8.6796	7.3998	7.8488	7.4282	7.9627	8.0472	7.6066	7.7913	6.6809	6.6822	7.621	7.3167	6.9224	6.5221	6.0093	7.3691
OTU_233	2.9484	2.0109	2.0125	0.0	3.8413	3.4131	2.8776	2.8736	3.161	2.7642	3.5644	2.3378	1.7151	3.4833	0.98789	0.0	2.3676	0.0	0.0	2.2529	2.573	1.5259	0.0	0.0	0.0
OTU_98	5.3289	5.3361	5.3382	5.4012	5.1015	5.1598	4.8861	5.2247	5.7975	5.0128	4.3824	5.7031	5.3956	4.9796	5.4357	5.5469	5.7092	6.0262	5.3416	5.3416	5.156	3.618	4.0911	4.3584	5.269
OTU_350	5.8327	4.8213	4.4754	4.922	0.0	4.8087	4.3254	5.0288	4.078	3.5146	4.7154	4.7951	4.7068	3.1932	5.1463	5.4058	5.5041	2.6662	2.7333	4.0059	4.3786	5.4044	0.0	4.3584	3.3771
OTU_112	3.4697	4.0136	5.2257	5.4378	5.3576	4.3438	4.8065	4.0723	5.0346	4.1062	2.6815	4.5171	4.2679	4.4173	4.2988	4.8739	4.6193	5.2643	6.2181	4.1658	3.9865	4.0034	4.7938	3.9666	3.915
OTU_68	2.9484	0.0	0.0	2.6846	3.8413	4.1996	2.5265	7.3573	4.9445	1.1102	0.0	3.7187	4.4295	6.2547	4.147	3.5721	2.3676	2.6662	4.5606	0.0	4.3786	1.5259	4.7938	4.9197	0.0
OTU_90	4.2416	6.4237	4.744	3.1044	2.9386	5.3078	4.0766	4.202	3.3129	6.042	2.2048	3.627	4.4295	4.7801	4.4362	4.2039	5.4131	4.7938	4.5606	3.8261	2.573	5.4044	0.0	3.9666	4.6132
OTU_17	7.2174	5.1015	7.6748	7.2368	5.5749	6.8442	8.5097	8.2367	6.8604	6.8544	7.1477	6.6547	6.6319	8.2501	7.2047	7.3611	7.0825	6.2454	5.8454	6.7084	6.2338	4.8677	6.3437	4.3584	6.0602
OTU_29	6.9033	7.891	7.4175	7.4844	7.7437	6.8442	7.0352	6.8445	7.5522	7.6544	7.4303	7.8334	7.3293	7.6035	7.5227	7.8844	7.6981	7.5143	8.1471	7.7778	7.9857	7.6183	7.1297	6.6926	7.9374
OTU_418	6.9033	5.4404	6.5003	7.2368	6.9189	5.7313	6.8688	6.7201	7.1193	7.0437	5.0657	6.8499	6.1654	6.4009	7.744	8.106	6.5535	7.1297	6.6822	7.0534	7.1756	6.2867	6.8905	6.8227	6.1583
OTU_148	3.8518	2.8198	3.1022	3.5678	3.8413	2.2813	3.3956	3.7717	4.1604	3.1876	4.1081	3.8049	2.4767	3.1932	3.3001	4.0224	4.023	2.6662	0.0	3.093	2.573	1.5259	2.6662	0.0	2.5097
OTU_293	4.2416	0.0	3.5388	4.4349	2.9386	3.1247	3.3956	4.0723	4.9445	4.2002	2.2048	4.7524	4.4295	4.669	4.5617	3.2802	5.6306	4.4848	4.1658	3.6205	4.9403	3.618	3.5478	3.4271	3.915
OTU_110	4.9124	5.6289	3.8735	4.922	4.3923	3.8593	4.6328	4.7179	4.6908	4.663	4.9858	4.9918	3.8776	3.9314	4.8345	4.6418	4.9779	3.5478	2.7333	4.7743	4.6866	3.8235	2.6662	2.5553	3.915
OTU_304	4.6157	4.2617	4.2637	5.7603	2.9386	3.8593	4.6328	4.5331	4.9903	4.2884	5.1414	5.4047	4.7068	4.7801	5.5308	5.2493	5.0996	3.5478	4.1658	4.8703	4.9403	4.1633	2.6662	3.4271	2.5097
OTU_104	2.454	5.5377	3.5388	1.6652	3.8413	1.5511	2.8776	2.8736	5.4496	4.5954	0.0	4.2359	4.2679	6.0919	2.5647	2.4215	3.4207	0.0	0.0	3.3808	2.573	3.618	2.6662	0.0	0.0
OTU_40	6.0676	5.1015	4.744	6.4572	3.8413	4.3438	4.6328	4.9571	4.1604	6.8688	5.1414	6.9946	6.0207	5.6981	6.3158	6.0522	5.4131	5.2643	5.1251	5.6428	6.5708	3.8235	4.4848	4.9197	4.8664
OTU_141	4.403	3.335	4.3734	3.1044	0.0	4.1996	3.9341	3.5941	4.2384	2.7642	3.5644	2.9046	3.3409	1.6025	3.1483	3.5721	3.2206	0.0	3.6205	2.7333	2.573	3.3783	2.6662	0.0	2.5097
OTU_402	3.6086	3.335	4.2637	4.4349	3.8413	3.4131	3.1597	3.3914	3.798	3.8977	3.0392	3.9633	3.3409	2.3429	3.678	4.5101	3.4207	3.5478	4.5606	3.6205	0.0	3.3783	3.5478	2.5553	3.915
OTU_57	3.6086	6.3181	3.8735	5.1152	2.9386	4.9048	4.8065	4.202	3.798	5.5653	3.9486	4.9546	3.8776	4.7801	4.6205	4.6418	6.4881	4.4848	4.1658	4.8703	3.4464	5.2703	3.5478	3.4271	3.915
OTU_73	7.3814	6.8217	6.7647	7.4931	7.3895	6.4573	6.6582	6.5356	6.7974	6.1636	6.4235	6.6892	6.5286	6.8462	7.4994	7.9367	7.567	6.9541	6.3237	7.2625	7.1253	6.7315	6.6809	6.6229	6.8872
OTU_168	3.4697	3.335	3.1022	3.2759	2.9386	3.6534	3.1597	3.3914	2.7987	3.5146	3.0392	3.8049	3.6341	2.8298	3.678	3.2802	1.2552	2.6662	0.0	3.3808	2.573	3.3783	0.0	2.5553	2.5097
OTU_42	5.804	4.2617	5.8744	5.817	0.0	4.8087	4.8065	4.9571	5.4496	3.1876	3.9486	5.7031	5.3956	4.2728	5.4998	5.8491	5.7092	4.4848	2.7333	5.2729	3.4464	5.2703	3.5478	2.5553	3.915
OTU_75	6.7162	4.9682	6.6164	6.641	5.3576	6.4887	5.8615	6.4598	6.7315	5.1604	5.6362	6.4953	6.3784	5.5802	6.6902	6.8088	6.4428	5.0481	5.8454	6.39	6.1356	5.8892	5.4522	4.3584	5.4347
OTU_91	6.2485	4.9682	6.4511	5.2447	2.9386	5.9271	5.2291	4.8817	5.5137	4.663	4.5021	5.1649	5.1394	5.6404	4.147	5.6755	4.9779	4.7938	3.6205	5.2729	3.9865	5.8428	2.6662	0.0	4.3059
OTU_485	5.6835	4.4733	5.8366	5.6398	4.3923	5.3764	4.7223	5.2845	5.634	5.5295	5.0657	5.0636	5.3152	5.3831	5.62	5.5469	5.8888	4.4848	4.8703	5.4071	5.156	4.9577	4.0911	4.3584	4.6132
OTU_729	4.9124	6.7826	5.3913	5.2447	3.8413	5.2357	4.6328	5.3419	5.2381	6.3797	5.2819	5.7473	4.8277	5.5802	5.0639	4.0224	6.0485	4.0911	3.6205	5.2729	3.4464	6.1016	0.0	3.9666	4.8664
OTU_123	5.6835	4.6578	5.2257	5.2028	5.3576	6.2164	5.6947	6.2053	5.9901	5.0128	3.5644	5.3194	5.6131	4.669	6.0204	5.9026	5.9548	5.4522	5.3416	7.3813	5.9166	5.3389	4.0911	6.0093	5.4347
OTU_47	6.3108	4.0136	7.3653	4.2823	5.5749	4.3438	5.0332	4.7179	4.9903	6.3997	4.2518	4.3551	3.3409	6.2547	5.0639	4.8739	7.0677	4.0911	5.1251	4.0059	3.9865	4.0034	4.4848	4.6662	4.8664
OTU_60	7.3717	6.6582	6.9532	6.8181	7.1396	6.5494	7.0525	7.164	7.6553	6.8971	6.3295	7.1673	6.6968	6.8462	6.9184	6.9679	8.0846	6.2454	7.0328	7.2267	6.4936	6.8061	6.9541	6.8227	6.3365
OTU_46	6.0186	6.7009	5.9112	5.6398	4.3923	5.6224	6.2404	6.1093	5.0777	5.7629	6.6736	5.6341	6.2106	6.0482	5.809	5.9026	6.0485	5.2643	3.6205	5.7477	4.6866	6.5696	3.5478	3.9666	4.6132
OTU_74	5.1125	4.6578	5.4426	5.3637	5.1015	5.0797	6.1465	5.3419	6.0125	4.1062	4.5021	5.6574	5.1394	5.5175	5.2982	5.6755	6.1077	5.4522	4.8703	5.0451	4.6866	4.9577	4.0911	5.3228	5.7182
OTU_197	4.9651	0.0	6.4002	5.5083	0.0	2.7637	5.3463	3.1557	2.5766	1.1102	1.488	5.4047	7.0598	3.1932	5.9761	1.6684	2.711	4.4848	2.7333	2.2529	3.4464	5.6935	4.4848	2.5553	3.915
OTU_34	6.6852	4.0136	5.7578	6.8041	5.3576	3.8593	7.2155	3.3914	5.7715	5.9638	6.3929	6.6313	4.4295	5.8071	6.6764	6.1878	7.2496	5.6185	5.9806	5.9806	6.644	2.731	5.0481	5.8957	5.5834
OTU_88	5.203	5.2236	4.8234	5.3251	3.8413	6.1785	5.506	5.2247	6.6905	5.1129	6.9085	5.5112	4.2679	5.5175	5.809	5.7357	5.3653	4.0911	3.6205	4.8703	4.6866	5.0424	2.6662	4.3584	3.915
OTU_86	6.2903	5.4404	6.0825	5.9496	5.1015	6.0583	6.4115	6.2658	6.4978	6.0164	5.5829	5.7689	5.9155	5.8586	6.0421	5.6755	6.2721	5.4522	5.6962	5.6428	4.9403	5.5271	5.7675	4.6662	5.0817
OTU_6	8.7702	8.4111	8.2574	7.9824	7.9129	8.2575	7.569	8.2887	8.3908	7.4781	8.3799	8.0911	8.3041	8.1083	8.3421	8.4131	8.6653	7.8514	8.2842	8.6104	8.5593	8.2282	8.0681	7.6856	8.018
OTU_125	6.7008	5.2236	6.2644	6.4572	6.2159	5.7313	6.3567	5.599	5.7975	5.1129	5.6877	6.7664	5.23	6.5337	6.0204	6.0522	6.4656	6.1399	6.422	4.8703	4.3786	4.9577	6.0262	5.8957	5.955
OTU_31	5.804	4.2617	6.862	5.9496	4.7901	5.2357	6.9818	6.8445	4.5139	5.5295	4.3824	5.9311	6.0706	5.8071	5.4998	4.8739	5.8888	4.7938	4.1658	6.6006	4.6866	5.7947	3.5478	3.9666	3.3771
OTU_113	4.6157	3.335	3.8735	3.9179	4.3923	3.8593	2.5265	3.7717	3.5757	2.4944	3.9486	3.8049	2.4767	3.7246	4.2249	4.0224	4.1411	2.6662	4.1658	4.1658	3.4464	3.618	3.5478	2.5553	2.5097
OTU_398	2.7223	0.0	2.8217	2.0899	2.9386	3.4131	0.0	2.8736	1.9925	2.1623	0.0	2.0855	1.7151	1.6025	0.98789	1.6684	3.2206	0.0	0.0	2.2529	3.4464	0.0	2.6662	0.0	0.0
OTU_44	5.517	2.8198	5.283	5.4735	5.3576	5.7313	4.4353	4.5331	5.1601	5.7	3.7693	5.8112	5.7418	6.6842	6.1258	5.4781	6.5746	5.4522	6.1043	5.2729	5.7933	4.3072	5.2643	4.6662	4.8664
OTU_236	4.6801	4.4733	4.4754	4.9728	3.8413	4.3438	6.6354	3.3914	5.6626	3.8977	4.1081	4.1725	4.2679	3.7246	4.7839	4.3651	6.0485	4.7938	4.5606	4.0059	4.3786	4.7717	5.0481	4.9197	3.3771
OTU_214	3.7353	3.7138	3.8735	4.9728	0.0	4.0395	3.1597	5.3419	3.6912	4.3715	3.3256	3.529	3.6341	3.7246	4.0646	5.7357	3.5964	3.5478	3.6205	5.3416	4.9403	3.3783	3.5478	3.9666	3.3771
OTU_154	4.6801	3.335	4.145	3.9179	0.0	4.4748	4.0766	4.6284	4.078	2.7642	4.2518	4.1061	3.3409	4.1121	3.9772	3.2802	3.5964	3.5478	4.1658	3.6205	3.4464	2.2508	3.5478	3.4271	3.3771
OTU_55	6.2903	5.2236	5.3913	5.8445	4.7901	4.9949	5.8216	5.2247	6.5599	5.0637	5.9205	6.2406	5.5442	5.6404	5.9984	6.497	6.3477	5.0481	5.1251	5.1251	6.0303	5.4671	2.6662	2.5553	5.5834
OTU_159	4.8009	4.6578	3.5388	3.9179	2.9386	3.8593	2.8776	3.3914	3.4503	3.1876	4.3824	4.6159	4.2679	5.5802	3.678	4.5101	4.5355	3.5478	2.7333	4.1658	3.4464	4.7717	2.6662	0.0	2.5097
OTU_41	6.0915	0.0	6.6819	6.3652	0.0	5.9271	6.1138	6.2952	4.078	6.4193	3.9486	4.6159	5.9155	7.8653	6.0204	5.2493	4.9129	5.2643	4.8703	5.5298	4.3786	2.2508	4.4848	3.9666	2.5097
OTU_100	4.2416	3.7138	3.8735	4.1116	2.9386	5.0797	4.5374	3.7717	4.3827	5.377	4.8113	4.0365	4.5748	4.5486	4.3692	4.0224	4.5355	5.0481	4.5606	4.4407	4.3786	4.9577	4.0911	3.4271	3.915
OTU_372	1.0839	0.0	2.4731	1.0606	0.0	1.5511	3.1597	2.0582	0.99498	3.5146	0.0	1.3907	2.9726	2.8298	1.9818	1.6684	2.3676	0.0	2.7333	2.2529	0.0	0.0	0.0	0.0	0.0
OTU_87	6.351	6.4738	6.9532	6.8726	6.5597	6.359	5.1667	6.2952	6.9673	6.9386	5.7853	6.4015	7.2665	7.0372	7.0948	7.8711	7.3512	5.9026	6.2181	6.8565	6.7137	5.5847	6.2454	5.1353	6.418
OTU_201	3.9596	2.8198	2.4731	3.1044	3.8413	2.7637	2.0616	2.5228	4.1604	0.0	2.2048	1.3907	3.8776	2.3429	4.3692	5.4058	2.711	2.6662	0.0	3.6205	2.573	2.731	3.5478	3.4271	2.5097
OTU_80	5.6192	7.309	4.6599	5.4735	5.3576	4.4748	5.5556	4.8817	4.9445	5.5295	3.5644	4.3551	4.9392	4.9796	5.4025	4.3651	5.6306	4.7938	5.1251	5.4697	5.156	3.618	5.0481	5.1353	5.269
OTU_70	6.331	6.5689	5.7977	5.9496	4.3923	6.4573	5.4016	5.5016	4.9445	6.0164	4.3824	5.3768	6.0706	5.9084	5.883	6.2715	6.3961	5.0481	5.3416	6.1432	5.5095	6.7817	2.6662	4.3584	5.269
OTU_82	5.7748	4.6578	5.166	5.1597	3.8413	5.6779	5.2291	5.0288	4.9903	5.2942	5.6877	5.6804	4.9392	5.235	5.2243	5.3297	5.747	3.5478	4.5606	5.6428	4.6866	4.1633	4.4848	4.3584	4.8664
OTU_241	4.3246	2.8198	4.2637	3.5678	3.8413	4.1996	4.3254	3.1557	3.798	3.1876	2.6815	3.9633	3.6341	2.8298	3.678	2.9138	4.7736	3.5478	3.6205	2.7333	3.4464	3.618	3.5478	3.9666	4.3059
OTU_136	3.7353	3.7138	3.5388	3.4292	3.8413	3.1247	3.3956	3.7717	3.5757	2.7642	4.2518	3.9633	3.3409	3.1932	4.2988	2.4215	4.1411	0.0	2.7333	2.7333	2.573	4.0034	4.0911	2.5553	0.0
OTU_888	2.9484	0.0	3.5388	3.6942	2.9386	3.1247	3.3956	4.0723	2.5766	1.1102	4.3824	3.1875	3.6341	4.8833	2.5647	1.6684	3.2206	2.6662	2.7333	2.7333	3.9865	4.6688	0.0	0.0	3.915
OTU_198	0.0	0.0	2.0125	0.0	0.0	0.0	1.3714	0.0	0.99498	0.0	0.0	0.85681	1.7151	0.0	5.2982	0.0	1.2552	0.0	0.0	1.5277	0.0	0.0	0.0	0.0	0.0
OTU_194	4.9651	3.7138	4.6599	4.1116	2.9386	4.9048	5.0332	4.202	5.2756	2.9914	4.7154	4.7951	4.0859	4.7801	4.5003	4.6418	5.316	3.5478	0.0	3.8261	0.0	3.618	4.0911	2.5553	4.3059
OTU_65	6.2485	5.5377	7.0389	5.3251	4.3923	6.1395	5.2291	5.3419	6.8969	5.2942	5.8318	4.4111	6.1654	4.4173	5.5308	5.8491	5.04	5.7675	4.5606	5.2729	3.4464	5.5847	4.4848	3.9666	5.269
OTU_175	3.4697	0.0	2.0125	3.2759	0.0	1.5511	3.5983	2.5228	2.7987	2.9914	2.6815	2.3378	3.6341	2.3429	2.5647	2.9138	3.4207	2.6662	0.0	2.2529	3.4464	3.3783	2.6662	0.0	0.0
OTU_89	5.6835	4.0136	6.0499	4.922	5.7638	6.0995	6.2404	5.9706	4.7977	5.8232	4.3824	5.0281	5.3152	6.2157	5.5612	5.6755	6.1364	4.7938	5.6962	5.8454	4.9403	4.3072	4.7938	4.6662	4.8664
OTU_190	6.8622	5.4404	6.5711	6.6874	5.7638	6.4573	6.4382	6.584	6.8727	6.6532	6.1938	6.5082	6.7282	6.2547	6.6764	6.8638	7.7913	5.6185	6.7595	6.9692	6.3257	5.9343	5.4522	6.3911	6.4951
OTU_216	4.0598	2.8198	3.5388	4.1995	0.0	4.1996	3.1597	2.8736	3.798	2.7642	3.0392	3.1875	4.4295	3.1932	3.4373	4.3651	4.3517	3.5478	0.0	3.8261	0.0	3.3783	0.0	3.9666	4.3059
OTU_107	4.4775	3.7138	5.9472	5.1597	4.3923	5.6779	6.011	5.3971	5.0777	4.8485	4.5021	5.0636	5.5442	5.3109	5.2243	5.0738	5.8196	5.0481	4.1658	5.6428	5.3435	4.0034	5.4522	4.3584	4.8664
OTU_131	4.6801	0.0	2.4731	3.1044	2.9386	4.1996	0.0	2.0582	3.798	5.9638	0.0	1.3907	1.7151	1.6025	2.3025	2.4215	3.5964	0.0	2.7333	3.093	0.0	3.0906	0.0	0.0	0.0
OTU_220	3.4697	2.8198	0.0	4.922	0.0	1.5511	1.3714	2.5228	0.99498	0.0	0.0	2.5524	0.0	0.0	1.5688	1.6684	3.4207	0.0	3.6205	1.5277	3.9865	3.618	0.0	0.0	0.0
OTU_206	2.7223	0.0	3.8735	3.1044	2.9386	1.5511	3.3956	2.5228	3.8975	2.9914	2.2048	3.053	1.7151	3.1932	3.3001	2.4215	3.5964	0.0	2.7333	3.3808	0.0	2.731	2.6662	2.5553	2.5097
OTU_105	3.3159	6.6582	2.4731	4.758	4.3923	4.3438	3.1597	4.5331	5.0777	3.8977	4.9012	4.5171	4.5748	3.1932	4.7315	4.5101	4.9129	3.5478	3.6205	5.1251	0.0	4.4381	0.0	3.9666	3.3771
OTU_140	4.2416	6.6582	4.9703	4.4349	2.9386	4.4748	3.7759	3.9298	4.5139	5.8525	4.5021	4.9163	4.9392	4.9796	4.5003	4.3651	5.2648	4.7938	2.7333	4.4407	3.9865	5.6935	2.6662	2.5553	3.915
OTU_743	3.3159	3.335	4.0156	3.8104	3.8413	3.4131	2.8776	3.1557	3.161	3.5146	2.6815	3.4239	3.3409	2.8298	3.7848	3.2802	3.753	2.6662	3.6205	2.7333	2.573	3.0906	2.6662	2.5553	0.0
OTU_536	2.454	0.0	4.4754	3.2759	0.0	2.2813	2.0616	2.5228	1.9925	2.9914	0.0	2.0855	0.0	1.6025	2.7865	1.6684	1.9161	2.6662	0.0	1.5277	0.0	0.0	0.0	0.0	0.0
OTU_163	3.3159	3.335	4.4754	4.1116	0.0	4.5949	3.1597	4.0723	3.6912	2.1623	1.488	3.4239	3.6341	3.4833	3.7848	3.5721	4.023	2.6662	3.6205	3.6205	3.4464	2.731	2.6662	2.5553	2.5097
OTU_78	4.9651	4.4733	4.3734	4.3606	4.7901	4.3438	4.6328	4.6284	4.2384	4.0057	3.7693	5.1319	5.4718	4.2728	4.6205	4.8739	3.8943	2.6662	3.6205	5.0451	2.573	4.6688	2.6662	3.4271	3.3771
OTU_275	2.7223	0.0	3.1022	1.0606	0.0	2.2813	0.0	2.5228	0.0	1.7301	2.6815	2.7392	2.9726	2.3429	1.5688	1.6684	2.3676	2.6662	0.0	2.2529	0.0	2.2508	0.0	0.0	0.0
OTU_134	5.065	4.0136	4.0156	4.1116	0.0	3.6534	4.0766	3.5941	4.2384	4.2884	1.488	4.5674	4.8277	3.1932	4.5003	4.5101	4.2502	4.0911	0.0	3.3808	3.4464	3.0906	3.5478	2.5553	2.5097
OTU_143	4.0598	4.0136	3.7159	3.4292	2.9386	4.9949	3.1597	2.5228	3.161	3.5146	3.7693	3.7187	3.3409	4.9796	3.9772	4.5101	4.023	3.5478	2.7333	3.3808	3.4464	3.3783	2.6662	3.4271	0.0
OTU_277	2.454	3.335	2.4731	2.0899	0.0	3.1247	2.5265	3.7717	1.5783	1.1102	2.6815	0.85681	2.4767	3.4833	1.9818	2.4215	0.0	2.6662	2.7333	2.2529	0.0	0.0	3.5478	3.4271	0.0
OTU_438	2.1242	2.8198	3.5388	2.9097	0.0	0.0	1.3714	2.0582	1.9925	1.1102	2.6815	2.5524	2.4767	3.1932	1.9818	1.6684	0.0	0.0	0.0	0.0	0.0	1.5259	2.6662	0.0	0.0
OTU_153	3.8518	3.7138	4.5706	3.9179	3.8413	3.6534	4.8861	4.6284	4.3827	1.7301	3.9486	3.053	3.8776	3.1932	3.4373	3.5721	3.753	2.6662	2.7333	4.0059	0.0	3.0906	3.5478	2.5553	2.5097
OTU_158	3.1438	2.8198	1.332	2.0899	2.9386	3.1247	2.8776	2.5228	2.3139	3.3604	2.2048	2.3378	2.4767	2.8298	3.1483	3.5721	2.3676	3.5478	0.0	2.7333	2.573	3.0906	0.0	0.0	3.915
OTU_283	3.1438	4.0136	2.8217	2.0899	2.9386	3.8593	3.3956	2.8736	2.5766	4.1062	3.3256	3.3105	2.4767	3.1932	1.9818	4.2039	3.753	4.0911	0.0	3.6205	2.573	4.6688	3.5478	2.5553	2.5097
OTU_414	0.0	2.0109	2.4731	3.2759	2.9386	1.5511	0.0	2.8736	1.9925	2.4944	2.6815	1.7795	1.7151	2.3429	2.3025	1.6684	0.0	0.0	0.0	2.2529	0.0	0.0	0.0	2.5553	0.0
OTU_169	2.1242	4.4733	0.0	2.6846	0.0	0.0	2.0616	2.0582	3.6912	4.2002	5.2819	2.0855	2.4767	0.0	2.9787	1.6684	1.9161	4.0911	0.0	0.0	2.573	2.731	3.5478	0.0	2.5097
OTU_172	2.9484	2.0109	4.4754	3.1044	2.9386	2.2813	2.8776	4.321	2.5766	1.7301	0.0	2.5524	3.3409	3.1932	3.3001	2.4215	2.9882	3.5478	3.6205	3.6205	2.573	3.3783	2.6662	0.0	3.915
OTU_56	6.4651	5.6289	5.9472	6.4027	6.3399	6.4573	6.2704	6.1093	6.7582	5.6342	5.8318	6.6195	6.0207	5.4519	6.4354	6.5978	6.532	6.3437	5.8454	6.9473	6.3257	6.2515	5.2643	5.3228	5.7182
OTU_908	3.4697	4.4733	3.7159	3.8104	4.3923	3.4131	3.3956	2.8736	2.9912	4.2002	3.0392	2.5524	3.3409	3.9314	3.1483	4.2039	3.4207	4.4848	4.5606	3.093	3.4464	4.0034	3.5478	3.4271	4.6132
OTU_97	4.0598	5.945	2.4731	1.0606	0.0	3.6534	4.2064	0.0	0.0	3.5146	3.9486	3.3105	3.3409	2.8298	3.4373	4.0224	1.9161	2.6662	0.0	5.8454	3.4464	4.1633	3.5478	0.0	3.3771
OTU_174	3.6086	3.335	2.0125	3.4292	2.9386	2.7637	3.5983	3.3914	5.2381	2.9914	4.1081	2.9046	3.3409	2.8298	2.7865	3.8147	2.9882	2.6662	0.0	4.0059	0.0	3.0906	2.6662	3.4271	2.5097
OTU_144	0.0	2.8198	3.1022	2.6846	2.9386	4.1996	2.8776	2.8736	1.5783	4.2884	1.488	2.0855	1.7151	2.8298	2.3025	3.5721	3.753	0.0	0.0	2.2529	0.0	2.731	0.0	0.0	2.5097
OTU_929	2.7223	0.0	2.8217	2.9097	0.0	2.7637	2.8776	2.8736	3.161	2.4944	1.488	2.3378	1.7151	2.3429	2.3025	2.9138	3.5964	3.5478	2.7333	3.3808	2.573	2.2508	0.0	2.5553	3.3771
OTU_829	2.454	0.0	2.0125	1.6652	2.9386	2.2813	3.3956	2.8736	3.8975	2.9914	1.488	0.85681	2.4767	2.3429	2.7865	2.4215	3.2206	0.0	0.0	1.5277	3.9865	1.5259	0.0	2.5553	3.3771
OTU_281	3.6086	2.8198	2.8217	3.6942	2.9386	2.2813	0.0	2.0582	3.161	2.7642	3.3256	1.7795	2.9726	3.9314	3.7848	2.9138	2.3676	0.0	2.7333	2.2529	0.0	0.0	0.0	0.0	0.0
OTU_77	3.6086	2.0109	4.6599	4.3606	3.8413	5.3078	4.4353	3.9298	4.3124	3.5146	2.6815	6.0769	2.4767	4.7801	5.2243	5.3297	5.7092	4.4848	4.1658	5.0451	4.3786	1.5259	2.6662	3.9666	4.3059
OTU_92	5.1125	5.7956	4.5706	5.1152	4.3923	5.3078	4.6328	4.6284	5.5447	4.4501	4.5021	5.0981	4.5748	4.5486	4.5003	5.4781	5.5041	2.6662	4.5606	5.2729	3.9865	5.0424	4.4848	3.9666	5.269
OTU_232	1.6958	3.335	2.4731	4.018	3.8413	2.7637	2.0616	3.5941	3.5757	3.6539	2.6815	3.8049	3.8776	3.1932	2.5647	2.4215	4.5355	2.6662	3.6205	3.093	3.4464	4.4381	3.5478	0.0	0.0
OTU_210	2.1242	2.0109	3.5388	2.6846	0.0	0.0	2.0616	1.3686	2.5766	2.1623	0.0	3.3105	2.4767	3.1932	2.5647	0.0	1.9161	0.0	0.0	2.2529	2.573	1.5259	2.6662	0.0	2.5097
OTU_362	2.454	2.0109	2.8217	3.6942	2.9386	2.2813	3.1597	1.3686	2.5766	1.7301	3.0392	1.7795	3.3409	2.3429	2.7865	0.0	2.711	2.6662	3.6205	1.5277	0.0	0.0	2.6662	0.0	2.5097
OTU_943	3.4697	2.0109	3.1022	2.4177	2.9386	1.5511	0.0	2.8736	0.99498	1.1102	0.0	3.8049	0.0	1.6025	2.9787	0.0	2.3676	0.0	3.6205	2.2529	4.3786	2.2508	2.6662	0.0	3.915
OTU_120	5.3685	3.335	4.5706	5.6709	2.9386	4.4748	4.2064	5.9337	4.9445	5.9903	5.6877	5.7473	4.4295	4.8833	5.0639	5.6755	5.6705	4.0911	5.6962	5.2729	4.3786	4.3072	4.0911	3.9666	4.6132
OTU_145	3.7353	4.9682	3.7159	3.8104	2.9386	2.7637	3.1597	4.202	4.5139	4.4501	4.1081	3.7187	3.3409	4.1121	3.5627	3.8147	4.6193	0.0	2.7333	2.2529	2.573	3.8235	4.4848	2.5553	0.0
OTU_184	3.6086	4.9682	3.5388	3.9179	2.9386	4.1996	5.1015	4.321	4.6342	2.9914	4.6127	4.5171	4.2679	4.1121	4.6771	4.8739	4.845	2.6662	3.6205	3.8261	3.4464	3.8235	3.5478	3.4271	2.5097
OTU_503	2.1242	0.0	1.332	3.4292	0.0	3.6534	2.5265	2.8736	2.9912	0.0	1.488	2.0855	1.7151	2.8298	2.3025	1.6684	3.5964	0.0	0.0	2.7333	0.0	2.2508	3.5478	3.4271	2.5097
OTU_209	4.7418	3.7138	4.3734	3.2759	2.9386	4.3438	3.9341	3.3914	3.8975	4.1062	2.6815	3.7187	4.5748	3.7246	4.2988	4.2039	3.753	2.6662	3.6205	4.0059	4.6866	3.0906	4.0911	4.3584	3.915
OTU_319	2.7223	2.8198	1.332	2.0899	0.0	2.2813	2.5265	1.3686	1.9925	1.7301	1.488	2.0855	0.0	1.6025	2.5647	1.6684	2.3676	0.0	0.0	3.093	0.0	1.5259	0.0	0.0	0.0
OTU_152	2.454	4.2617	2.4731	3.1044	2.9386	0.0	0.0	3.1557	1.5783	2.9914	3.9486	3.8049	3.3409	4.1121	1.9818	1.6684	3.4207	0.0	3.6205	2.2529	0.0	4.3072	0.0	0.0	3.915
OTU_256	2.454	2.8198	0.0	2.4177	2.9386	2.2813	2.0616	2.5228	0.0	3.1876	2.6815	2.7392	0.0	2.8298	1.9818	2.4215	0.0	0.0	2.7333	2.7333	0.0	3.8235	0.0	0.0	2.5097
OTU_213	4.0598	4.0136	3.5388	3.2759	0.0	3.4131	3.3956	3.9298	2.5766	3.5146	3.3256	3.529	4.0859	3.7246	4.6205	3.2802	2.711	3.5478	2.7333	3.093	0.0	3.618	2.6662	0.0	0.0
OTU_260	3.3159	4.4733	3.1022	2.4177	3.8413	4.0395	2.8776	3.1557	2.3139	2.9914	1.488	3.3105	3.8776	3.4833	3.8842	2.9138	3.5964	3.5478	2.7333	3.8261	3.9865	4.8677	2.6662	0.0	3.915
OTU_182	2.9484	4.6578	2.8217	4.3606	2.9386	1.5511	2.5265	2.0582	0.0	0.0	1.488	1.7795	1.7151	2.8298	3.7848	3.5721	0.0	0.0	0.0	1.5277	2.573	2.2508	3.5478	2.5553	2.5097
OTU_146	5.3289	3.335	5.8366	4.9728	4.3923	4.8087	4.2064	5.0288	5.1997	4.5954	4.1081	4.1725	3.6341	4.2728	4.5003	5.1642	4.7736	2.6662	3.6205	4.0059	4.6866	3.3783	2.6662	3.4271	4.3059
OTU_137	2.9484	3.335	3.8735	3.6942	0.0	1.5511	3.9341	4.0723	3.9906	3.3604	3.0392	3.7187	3.3409	3.1932	2.9787	4.0224	4.2502	2.6662	3.6205	3.093	3.9865	3.8235	2.6662	3.9666	4.6132
OTU_106	2.1242	6.5221	0.0	2.4177	0.0	3.1247	2.0616	4.5331	0.0	3.781	4.1081	2.9046	3.6341	2.8298	0.0	2.9138	1.2552	0.0	0.0	4.7743	0.0	5.978	0.0	3.4271	0.0
OTU_117	4.8578	2.0109	4.4754	4.758	4.3923	4.3438	3.9341	4.321	4.5139	3.3604	3.3256	4.5674	5.0428	4.2728	4.2988	5.0738	4.2502	2.6662	4.5606	4.5606	2.573	4.6688	2.6662	0.0	3.3771
OTU_45	5.4813	3.335	5.4426	5.4012	5.5749	5.2357	5.4547	5.0288	5.5751	4.663	4.6127	5.6341	5.4718	5.7536	5.4025	5.6127	5.6306	4.0911	5.3416	5.3416	5.5095	5.1983	6.0262	5.3228	3.915
OTU_270	3.4697	0.0	3.1022	4.573	3.8413	2.7637	2.8776	2.0582	2.5766	1.7301	0.0	2.7392	2.9726	2.8298	1.5688	3.2802	1.2552	0.0	0.0	2.7333	2.573	1.5259	0.0	0.0	2.5097
OTU_177	4.1536	0.0	1.332	4.758	2.9386	2.2813	2.8776	2.5228	2.7987	2.9914	4.6127	3.627	1.7151	3.1932	4.147	3.5721	1.2552	0.0	0.0	2.7333	2.573	2.2508	2.6662	0.0	0.0
OTU_334	4.9651	2.8198	5.1037	4.8694	2.9386	3.4131	4.6328	4.7179	4.7977	4.663	3.7693	3.9633	4.9392	6.8963	6.8339	4.6418	5.7838	5.6185	5.3416	4.1658	4.6866	4.0034	4.4848	3.9666	3.915
OTU_63	5.3685	6.2041	5.492	5.2447	2.9386	6.2534	5.4016	5.6453	5.1997	5.9638	5.3474	5.9118	4.8277	6.1344	5.1057	5.4058	6.1922	5.6185	4.5606	6.2893	4.6866	6.2155	3.5478	3.9666	4.3059
OTU_126	4.5482	3.335	4.4754	4.9728	4.7901	4.9048	4.8065	4.4309	4.8483	4.5246	3.7693	4.6159	3.6341	4.8833	4.3692	4.0224	5.5475	4.0911	3.6205	4.5606	4.3786	3.3783	3.5478	3.9666	2.5097
OTU_79	4.0598	5.7147	4.0156	4.018	3.8413	4.9048	3.9341	4.4309	5.1997	5.7318	3.7693	4.0365	4.5748	4.7801	4.0646	4.0224	5.2648	2.6662	4.1658	4.5606	3.4464	4.3072	2.6662	0.0	2.5097
OTU_203	0.0	4.2617	2.0125	3.5678	0.0	1.5511	2.0616	2.0582	4.078	2.1623	3.3256	2.9046	2.4767	3.9314	2.3025	1.6684	3.2206	0.0	2.7333	0.0	0.0	3.0906	0.0	2.5553	0.0
OTU_384	2.454	3.7138	1.332	3.6942	2.9386	3.8593	4.2064	3.5941	3.9906	1.1102	3.3256	3.053	3.3409	5.1547	1.9818	2.9138	2.3676	4.0911	3.6205	4.9603	3.4464	3.0906	0.0	2.5553	3.3771
OTU_249	2.1242	2.0109	3.1022	1.6652	0.0	3.1247	2.8776	2.8736	2.9912	1.7301	0.0	2.3378	2.4767	2.8298	1.9818	2.9138	2.711	0.0	2.7333	2.7333	0.0	2.2508	0.0	0.0	0.0
OTU_254	2.1242	3.7138	2.0125	1.6652	2.9386	2.7637	4.7223	2.0582	3.161	1.7301	2.6815	1.7795	2.9726	1.6025	2.5647	1.6684	3.4207	2.6662	0.0	2.7333	0.0	2.2508	0.0	0.0	0.0
OTU_51	4.2416	5.3361	4.4754	5.5423	3.8413	4.3438	3.7759	5.4503	5.5751	5.9903	0.0	5.0636	2.9726	5.5802	5.0208	4.6418	5.2118	2.6662	2.7333	3.6205	3.4464	3.0906	0.0	3.4271	2.5097
OTU_147	3.4697	5.7147	3.7159	3.2759	0.0	5.0797	3.7759	3.1557	3.6912	4.7275	3.9486	4.1061	3.3409	4.1121	4.2988	5.1642	4.023	3.5478	3.6205	4.3098	3.9865	4.1633	0.0	3.4271	3.3771
OTU_800	3.3159	2.0109	4.145	3.1044	2.9386	3.1247	2.8776	3.9298	3.5757	3.6539	3.9486	4.1725	4.0859	4.4173	3.3001	3.5721	4.9779	0.0	2.7333	0.0	3.4464	1.5259	4.0911	0.0	0.0
OTU_127	5.1125	4.2617	5.2257	4.5056	4.3923	4.9949	5.3463	5.0971	5.5751	4.7275	3.9486	4.8367	4.2679	4.2728	5.1463	4.6418	6.1646	3.5478	5.3416	4.9603	4.3786	4.4381	3.5478	2.5553	3.915
OTU_556	4.1536	4.9682	3.5388	4.1116	0.0	4.1996	4.8065	3.7717	4.4498	3.6539	3.7693	4.7524	4.4295	4.9796	3.5627	3.8147	3.5964	0.0	0.0	4.3098	2.573	3.8235	0.0	0.0	3.915
OTU_248	1.0839	0.0	2.8217	1.0606	2.9386	2.2813	1.3714	1.3686	2.9912	1.1102	1.488	1.7795	1.7151	0.0	4.7315	1.6684	1.2552	0.0	0.0	1.5277	0.0	3.0906	0.0	2.5553	0.0
OTU_135	3.8518	2.0109	2.4731	3.2759	0.0	3.4131	1.3714	2.5228	3.6912	5.0128	3.3256	2.0855	3.8776	2.3429	3.678	0.0	2.711	2.6662	0.0	3.093	0.0	2.2508	2.6662	3.4271	3.3771
OTU_229	2.7223	2.0109	2.4731	2.0899	0.0	3.1247	2.8776	2.8736	1.9925	1.1102	1.488	2.5524	1.7151	0.0	1.9818	2.4215	2.9882	0.0	0.0	0.0	0.0	2.2508	0.0	0.0	2.5097
OTU_115	4.8578	4.0136	5.1037	4.8694	4.3923	4.8087	4.6328	5.5016	4.3124	3.781	3.9486	4.2359	4.8277	4.5486	3.7848	4.9773	5.4131	2.6662	4.1658	4.7743	3.9865	3.3783	3.5478	2.5553	3.915
OTU_635	2.7223	3.335	2.4731	1.0606	0.0	2.7637	2.8776	1.3686	1.9925	1.7301	0.0	1.7795	2.4767	2.3429	1.9818	0.0	2.3676	0.0	2.7333	1.5277	0.0	1.5259	0.0	2.5553	0.0
OTU_205	2.7223	3.335	3.1022	1.6652	0.0	2.7637	3.1597	2.0582	2.7987	3.1876	1.488	2.5524	0.0	3.4833	2.5647	1.6684	3.4207	0.0	2.7333	0.0	0.0	0.0	0.0	0.0	0.0
OTU_227	1.0839	3.335	2.0125	1.6652	0.0	0.0	0.0	0.0	0.0	3.6539	3.7693	2.3378	1.7151	2.3429	1.5688	1.6684	1.9161	0.0	0.0	1.5277	0.0	2.731	0.0	2.5553	3.3771
OTU_150	2.7223	2.8198	1.332	3.5678	0.0	3.1247	1.3714	2.8736	3.4503	2.4944	2.6815	4.6628	1.7151	3.4833	2.5647	0.0	2.9882	2.6662	2.7333	5.8454	3.4464	1.5259	2.6662	0.0	3.3771
OTU_189	2.454	0.0	2.8217	2.0899	0.0	3.1247	1.3714	2.0582	2.5766	3.3604	3.7693	2.0855	2.9726	2.3429	2.9787	3.2802	1.2552	2.6662	0.0	2.7333	0.0	3.8235	0.0	0.0	0.0
OTU_122	1.6958	3.335	3.1022	3.1044	0.0	3.1247	4.7223	2.0582	2.7987	4.7893	3.5644	3.8863	1.7151	4.5486	3.4373	2.4215	3.2206	0.0	0.0	4.1658	3.4464	3.8235	0.0	2.5553	2.5097
OTU_114	3.9596	3.335	4.9703	4.573	3.8413	3.1247	3.5983	2.0582	2.9912	4.4501	2.6815	3.8049	4.7068	4.1121	4.5617	4.0224	4.6985	4.0911	4.1658	3.3808	3.4464	3.8235	2.6662	3.4271	3.3771
OTU_392	3.4697	2.8198	4.0156	4.6989	0.0	3.6534	3.1597	3.7717	3.5757	3.1876	2.2048	2.9046	3.6341	3.7246	3.7848	3.8147	3.2206	3.5478	0.0	4.1658	0.0	3.0906	2.6662	2.5553	3.915
OTU_337	2.9484	0.0	2.0125	2.4177	2.9386	2.7637	3.5983	1.3686	3.5757	2.9914	3.9486	1.7795	2.4767	2.8298	1.9818	2.4215	3.2206	2.6662	3.6205	3.093	0.0	0.0	0.0	0.0	0.0
OTU_132	5.517	4.8213	5.3913	5.4735	5.1015	5.0797	5.6498	5.4503	5.7715	5.251	4.7154	5.2287	4.5748	4.669	5.2243	5.4058	5.5475	5.4522	2.7333	5.8454	4.9403	4.7717	4.0911	0.0	5.269
OTU_179	4.6157	3.335	2.0125	4.1995	0.0	3.8593	1.3714	3.9298	4.3827	4.8485	3.3256	4.0365	3.6341	3.4833	4.0646	3.5721	3.5964	2.6662	2.7333	3.3808	0.0	2.731	0.0	0.0	3.3771
OTU_252	5.6192	4.8213	5.492	5.1597	5.1015	5.6224	5.506	4.7179	5.634	3.8977	5.0657	5.1971	5.6131	4.2728	5.7041	5.3297	6.2721	5.2643	5.1251	5.7477	4.6866	3.8235	3.5478	3.4271	5.0817
OTU_217	3.3159	3.335	4.2637	4.1116	3.8413	2.7637	3.5983	3.3914	4.6342	3.781	3.7693	4.1061	4.2679	3.9314	4.4362	4.8739	3.8943	0.0	5.1251	4.3098	4.9403	4.3072	0.0	3.9666	3.915
OTU_101	4.4775	2.8198	4.6599	3.8104	0.0	4.1996	4.2064	3.5941	3.5757	3.3604	4.1081	4.3551	3.3409	2.8298	4.2249	1.6684	3.5964	4.7938	0.0	3.8261	2.573	4.4381	0.0	3.4271	2.5097
OTU_303	0.0	0.0	2.0125	1.0606	2.9386	1.5511	0.0	2.0582	2.5766	1.1102	0.0	1.3907	0.0	0.0	5.7041	0.0	0.0	0.0	0.0	2.2529	2.573	2.2508	0.0	0.0	0.0
OTU_273	2.454	0.0	0.0	0.0	0.0	3.4131	3.5983	4.0723	0.0	0.0	2.2048	1.3907	2.4767	1.6025	0.0	4.2039	2.3676	0.0	0.0	0.0	2.573	2.2508	2.6662	2.5553	0.0
OTU_413	3.6086	4.4733	4.3734	2.6846	2.9386	2.7637	4.9616	3.3914	3.5757	3.6539	4.8113	4.5674	3.3409	3.1932	4.0646	3.8147	5.1568	4.7938	2.7333	4.7743	3.4464	2.731	0.0	0.0	2.5097
OTU_326	2.9484	2.8198	4.0156	3.6942	2.9386	3.8593	3.9341	3.5941	3.8975	3.6539	3.0392	3.053	3.6341	4.4173	4.0646	4.0224	3.753	2.6662	0.0	2.7333	0.0	2.731	0.0	2.5553	3.3771
OTU_223	3.6086	3.335	2.8217	3.1044	3.8413	2.2813	4.2064	2.0582	4.8972	1.1102	1.488	2.9046	1.7151	0.0	3.3001	3.8147	1.2552	3.5478	2.7333	6.1812	3.4464	3.8235	0.0	0.0	2.5097
OTU_266	0.0	0.0	1.332	3.2759	0.0	2.7637	0.0	2.0582	1.5783	0.0	0.0	3.3105	1.7151	2.8298	3.7848	1.6684	0.0	0.0	0.0	0.0	0.0	1.5259	0.0	0.0	0.0
OTU_108	5.2881	4.4733	5.166	5.2855	2.9386	5.0797	5.5556	5.6453	5.4496	4.5954	4.7154	4.7083	4.2679	5.3109	5.1057	4.8739	5.6705	3.5478	4.8703	5.8919	3.9865	4.4381	4.4848	4.3584	4.6132
OTU_367	3.6086	0.0	3.1022	3.1044	0.0	2.7637	3.5983	3.5941	3.161	2.7642	2.6815	2.5524	3.6341	3.1932	3.1483	3.8147	2.711	2.6662	0.0	3.6205	0.0	3.0906	0.0	0.0	0.0
OTU_207	1.0839	0.0	3.1022	0.0	0.0	1.5511	2.0616	3.1557	2.5766	0.0	1.488	1.7795	0.0	0.0	4.7315	0.0	0.0	3.5478	2.7333	0.0	0.0	0.0	0.0	2.5553	0.0
OTU_196	3.9596	3.335	2.8217	2.9097	3.8413	2.7637	3.5983	3.1557	3.9906	3.1876	3.0392	2.3378	2.9726	0.0	3.4373	4.2039	2.3676	4.0911	5.1251	2.2529	4.3786	2.731	2.6662	3.9666	0.0
OTU_96	5.1584	4.8213	4.2637	4.758	3.8413	4.0395	4.9616	4.9571	2.7987	3.8977	4.9012	4.0365	4.5748	4.7801	4.6205	5.1642	4.3517	0.0	4.5606	3.093	3.4464	3.3783	2.6662	3.4271	4.3059
OTU_763	3.7353	2.8198	3.8735	3.6942	3.8413	3.4131	1.3714	3.9298	4.2384	2.4944	2.6815	3.529	2.4767	3.7246	3.3001	3.8147	2.9882	2.6662	3.6205	3.8261	3.4464	3.0906	0.0	3.4271	3.3771
OTU_186	3.8518	2.0109	3.1022	3.5678	2.9386	3.1247	0.0	3.1557	3.4503	3.3604	1.488	3.1875	0.0	1.6025	3.4373	3.5721	2.9882	2.6662	2.7333	4.3098	0.0	2.731	2.6662	0.0	2.5097
OTU_572	2.7223	3.7138	3.1022	3.4292	3.8413	3.8593	3.1597	2.8736	3.5757	2.9914	2.6815	3.529	3.3409	2.3429	2.9787	3.2802	3.753	3.5478	2.7333	4.1658	3.9865	2.731	4.0911	2.5553	3.3771
OTU_173	5.203	4.0136	4.4754	3.9179	2.9386	4.0395	4.4353	2.8736	3.161	3.8977	4.1081	4.6628	4.0859	4.2728	4.7315	2.9138	3.8943	2.6662	0.0	4.6714	0.0	4.1633	0.0	2.5553	0.0
OTU_181	4.0598	2.0109	3.7159	3.4292	2.9386	3.1247	2.8776	3.3914	3.4503	2.4944	1.488	3.3105	1.7151	3.7246	2.9787	2.9138	2.3676	3.5478	0.0	3.093	3.9865	2.2508	0.0	2.5553	0.0
OTU_129	3.7353	3.335	3.7159	3.5678	4.3923	3.8593	4.0766	3.1557	4.7452	2.4944	3.3256	3.7187	2.4767	3.4833	4.0646	4.5101	3.4207	2.6662	0.0	2.7333	2.573	3.0906	2.6662	0.0	2.5097
OTU_215	3.1438	2.0109	3.7159	2.4177	0.0	3.6534	2.0616	3.9298	3.3129	4.9054	2.6815	3.1875	3.3409	3.1932	2.9787	3.2802	3.5964	0.0	3.6205	3.6205	3.9865	3.0906	2.6662	0.0	3.3771
OTU_240	2.1242	2.0109	2.0125	2.0899	2.9386	1.5511	3.1597	2.5228	2.3139	1.1102	0.0	2.0855	2.4767	2.3429	2.7865	0.0	2.711	0.0	2.7333	2.2529	0.0	1.5259	0.0	0.0	0.0
OTU_749	3.6086	2.8198	3.7159	4.1995	2.9386	3.4131	3.3956	5.2845	4.9903	2.9914	4.5021	3.3105	3.8776	4.1121	4.2249	2.9138	4.7736	2.6662	0.0	4.5606	3.4464	2.2508	4.0911	3.4271	0.0
OTU_470	4.1536	0.0	5.3382	4.3606	3.8413	2.7637	4.2064	6.2952	4.3124	4.2002	3.0392	3.4239	2.4767	4.7801	4.4362	3.8147	4.4465	3.5478	4.1658	3.6205	2.573	1.5259	2.6662	2.5553	0.0
OTU_263	2.454	0.0	3.1022	3.4292	0.0	2.7637	3.5983	3.3914	3.3129	2.4944	2.2048	2.5524	0.0	2.8298	2.3025	2.4215	3.2206	2.6662	2.7333	3.093	0.0	2.2508	0.0	0.0	0.0
OTU_311	3.8518	0.0	4.0156	3.4292	2.9386	2.2813	3.3956	3.7717	3.6912	3.3604	2.6815	3.4239	1.7151	3.4833	3.8842	1.6684	3.5964	0.0	0.0	3.3808	0.0	2.2508	0.0	0.0	2.5097
OTU_291	1.6958	2.8198	2.0125	2.6846	0.0	1.5511	1.3714	2.0582	0.99498	3.1876	3.0392	2.0855	2.9726	2.3429	1.5688	4.6418	3.4207	0.0	0.0	0.0	2.573	1.5259	0.0	2.5553	0.0
OTU_788	3.1438	2.0109	2.4731	2.4177	3.8413	2.2813	3.5983	3.7717	5.2756	2.4944	4.2518	4.0365	2.4767	1.6025	3.7848	3.2802	3.5964	3.5478	3.6205	1.5277	2.573	3.618	0.0	2.5553	2.5097
OTU_142	2.7223	3.335	1.332	2.4177	0.0	2.2813	3.1597	0.0	1.5783	3.5146	2.6815	3.4239	2.9726	2.8298	1.9818	2.9138	3.5964	0.0	2.7333	3.8261	2.573	3.8235	0.0	0.0	2.5097
OTU_300	2.454	2.0109	2.0125	2.9097	0.0	2.2813	3.5983	0.0	2.9912	1.1102	2.2048	2.7392	2.4767	0.0	1.5688	2.4215	1.9161	2.6662	2.7333	2.2529	3.4464	0.0	2.6662	3.9666	3.915
OTU_95	4.6157	2.0109	3.7159	5.898	3.8413	2.7637	4.8065	2.0582	3.9906	3.3604	1.488	4.2967	4.0859	4.2728	4.5003	4.3651	4.6193	6.3437	4.5606	4.5606	4.3786	1.5259	4.4848	4.9197	4.8664
OTU_199	3.4697	0.0	2.0125	3.4292	3.8413	3.1247	2.8776	3.5941	3.6912	3.1876	3.0392	2.5524	2.9726	3.9314	3.9772	3.8147	3.5964	2.6662	2.7333	3.093	3.4464	2.2508	0.0	2.5553	3.915
OTU_302	2.1242	2.0109	2.4731	2.6846	0.0	0.0	3.1597	4.202	2.5766	2.4944	1.488	2.3378	2.4767	3.1932	2.9787	1.6684	2.711	0.0	2.7333	3.093	0.0	0.0	0.0	2.5553	0.0
OTU_253	1.6958	0.0	2.8217	2.9097	2.9386	1.5511	2.0616	1.3686	1.5783	2.1623	0.0	1.3907	2.4767	3.1932	2.9787	2.4215	3.2206	2.6662	0.0	2.2529	3.4464	2.2508	0.0	2.5553	2.5097
OTU_133	1.0839	3.7138	3.7159	4.018	0.0	3.1247	1.3714	3.1557	3.161	5.251	2.2048	3.529	2.9726	1.6025	3.9772	3.8147	2.711	0.0	0.0	3.093	0.0	2.2508	2.6662	2.5553	0.0
OTU_295	2.7223	0.0	2.4731	1.6652	0.0	1.5511	1.3714	2.0582	1.9925	4.5954	0.0	1.3907	0.0	3.4833	2.3025	0.0	2.9882	0.0	0.0	0.0	0.0	2.2508	0.0	0.0	2.5097
OTU_212	3.1438	0.0	1.332	3.6942	0.0	2.7637	2.0616	3.7717	1.5783	3.5146	0.0	2.9046	2.9726	2.3429	1.5688	1.6684	2.711	2.6662	0.0	2.7333	2.573	1.5259	0.0	0.0	3.3771
OTU_204	2.1242	2.0109	2.4731	0.0	0.0	2.2813	2.0616	2.0582	2.9912	0.0	4.1081	2.3378	2.9726	0.0	1.9818	0.0	1.9161	0.0	0.0	2.7333	0.0	1.5259	0.0	0.0	0.0
OTU_237	3.4697	0.0	2.4731	3.4292	2.9386	2.7637	2.8776	3.5941	3.3129	3.8977	3.9486	2.9046	1.7151	3.7246	3.3001	2.9138	3.2206	2.6662	0.0	2.7333	2.573	2.731	0.0	0.0	0.0
OTU_443	0.0	0.0	2.0125	2.9097	0.0	1.5511	2.0616	2.5228	2.5766	1.7301	2.6815	2.0855	1.7151	1.6025	1.5688	3.5721	2.3676	0.0	0.0	3.093	0.0	2.731	0.0	2.5553	0.0
OTU_258	2.454	2.0109	1.332	2.0899	0.0	2.7637	2.5265	2.0582	0.0	2.7642	0.0	2.5524	2.4767	1.6025	3.1483	1.6684	1.2552	0.0	0.0	2.7333	3.4464	1.5259	0.0	0.0	0.0
OTU_162	3.6086	0.0	2.4731	2.6846	0.0	3.4131	1.3714	2.8736	3.3129	2.7642	3.3256	2.9046	1.7151	3.1932	2.3025	2.9138	3.753	0.0	0.0	2.2529	2.573	1.5259	0.0	0.0	0.0
OTU_211	3.4697	2.0109	3.337	2.0899	0.0	2.2813	2.8776	2.5228	2.3139	2.4944	2.2048	2.9046	0.0	1.6025	2.5647	2.4215	3.2206	3.5478	0.0	2.2529	2.573	0.0	0.0	0.0	0.0
OTU_244	2.454	2.0109	2.4731	2.6846	0.0	1.5511	4.4353	3.3914	2.9912	3.781	0.0	2.0855	2.4767	2.3429	2.3025	1.6684	1.9161	0.0	2.7333	3.093	0.0	0.0	2.6662	0.0	2.5097
OTU_359	3.4697	0.0	1.332	1.0606	0.0	1.5511	2.5265	2.8736	1.5783	3.781	0.0	1.7795	2.4767	0.0	1.5688	1.6684	1.2552	0.0	0.0	2.2529	3.9865	2.731	0.0	0.0	3.3771
OTU_164	2.1242	2.8198	3.337	1.6652	2.9386	1.5511	2.8776	2.8736	0.99498	1.1102	2.2048	2.5524	4.7068	4.2728	2.7865	2.9138	1.9161	0.0	0.0	1.5277	0.0	2.731	2.6662	0.0	3.3771
OTU_218	2.9484	0.0	2.4731	1.6652	0.0	1.5511	2.0616	2.8736	2.3139	1.7301	0.0	2.5524	1.7151	3.1932	2.3025	0.0	1.2552	0.0	2.7333	2.2529	2.573	2.2508	0.0	0.0	0.0
OTU_155	2.9484	3.335	2.0125	2.6846	0.0	2.2813	3.1597	2.0582	1.9925	5.4553	1.488	3.3105	1.7151	2.8298	2.3025	0.0	0.0	0.0	2.7333	3.093	2.573	0.0	0.0	0.0	0.0
OTU_124	3.4697	2.8198	3.1022	3.5678	3.8413	3.6534	5.0332	2.5228	4.1604	1.1102	2.2048	3.1875	2.9726	2.3429	3.4373	2.9138	4.023	0.0	4.1658	2.2529	3.4464	3.618	3.5478	2.5553	3.3771
OTU_224	3.7353	3.335	3.1022	3.1044	0.0	4.0395	3.5983	3.5941	3.4503	3.5146	3.9486	3.7187	3.3409	2.8298	3.7848	3.8147	2.3676	0.0	2.7333	2.7333	2.573	3.8235	2.6662	3.4271	2.5097
OTU_693	2.1242	2.0109	0.0	2.4177	0.0	2.7637	0.0	0.0	0.99498	1.1102	1.488	2.0855	2.4767	2.3429	2.3025	3.2802	2.9882	0.0	0.0	2.7333	3.4464	2.731	2.6662	2.5553	2.5097
OTU_228	1.6958	2.8198	1.332	2.9097	0.0	3.1247	2.0616	2.5228	3.161	0.0	2.2048	3.627	2.4767	1.6025	1.5688	2.9138	2.711	0.0	2.7333	1.5277	0.0	2.2508	0.0	0.0	2.5097
OTU_193	2.1242	2.0109	2.0125	0.0	4.3923	3.4131	2.5265	2.0582	2.3139	1.7301	1.488	3.4239	3.6341	0.0	2.5647	4.0224	2.711	0.0	0.0	2.7333	0.0	1.5259	2.6662	2.5553	3.3771
OTU_192	2.9484	0.0	0.0	3.1044	0.0	2.7637	0.0	3.1557	2.7987	1.7301	0.0	1.7795	1.7151	2.8298	2.3025	1.6684	2.711	0.0	0.0	2.2529	0.0	1.5259	0.0	0.0	2.5097
OTU_345	1.6958	0.0	2.0125	2.0899	2.9386	1.5511	2.8776	2.5228	0.99498	1.7301	2.2048	2.0855	1.7151	2.8298	1.9818	0.0	2.9882	0.0	2.7333	2.2529	0.0	3.0906	0.0	0.0	0.0
OTU_344	1.6958	3.335	2.8217	3.4292	2.9386	0.0	2.5265	2.8736	3.4503	2.7642	4.8113	4.2359	2.4767	4.2728	3.1483	4.8739	3.2206	2.6662	3.6205	4.1658	3.4464	3.0906	0.0	2.5553	3.3771
OTU_187	2.454	0.0	3.1022	1.0606	2.9386	1.5511	0.0	2.5228	2.5766	2.1623	2.6815	2.7392	2.4767	2.8298	1.9818	3.8147	1.2552	3.5478	2.7333	3.3808	3.4464	0.0	0.0	3.4271	0.0
OTU_178	0.0	0.0	0.0	4.018	0.0	1.5511	0.0	4.202	1.5783	1.1102	4.2518	3.7187	1.7151	2.3429	2.9787	1.6684	1.2552	3.5478	2.7333	3.6205	2.573	3.618	0.0	2.5553	0.0
OTU_225	1.6958	2.8198	0.0	1.0606	3.8413	0.0	1.3714	2.0582	1.5783	2.7642	1.488	2.3378	2.9726	2.8298	1.9818	2.4215	1.2552	0.0	0.0	3.3808	0.0	2.2508	0.0	0.0	0.0
OTU_160	4.3246	4.0136	4.3734	3.6942	2.9386	4.8087	3.3956	2.8736	2.9912	5.5653	3.5644	3.3105	4.4295	4.8833	2.9787	4.6418	4.2502	2.6662	2.7333	4.6714	3.4464	5.6402	3.5478	0.0	2.5097
OTU_493	2.9484	3.335	3.337	3.1044	2.9386	2.7637	2.5265	2.5228	3.161	1.1102	3.0392	3.053	2.4767	2.3429	2.3025	2.4215	1.2552	2.6662	2.7333	0.0	2.573	2.2508	0.0	0.0	0.0
OTU_166	3.6086	4.2617	3.337	2.6846	0.0	3.1247	2.0616	2.5228	1.9925	1.7301	1.488	2.3378	3.3409	2.3429	2.9787	2.9138	2.711	0.0	0.0	1.5277	0.0	1.5259	0.0	0.0	0.0
OTU_498	2.1242	3.335	2.0125	1.0606	0.0	1.5511	1.3714	1.3686	1.9925	4.7275	2.2048	1.7795	2.9726	1.6025	0.98789	0.0	0.0	0.0	0.0	0.0	2.573	2.731	2.6662	0.0	0.0
OTU_191	3.1438	4.8213	0.0	1.0606	0.0	1.5511	3.1597	2.5228	1.9925	5.8525	1.488	3.8049	3.6341	1.6025	3.1483	1.6684	1.2552	2.6662	0.0	2.7333	0.0	0.0	2.6662	0.0	0.0
OTU_540	3.1438	2.8198	2.4731	2.0899	0.0	2.2813	1.3714	2.5228	3.161	3.781	1.488	2.9046	2.4767	2.8298	0.98789	0.0	3.4207	0.0	3.6205	3.093	0.0	3.0906	2.6662	3.9666	3.3771
OTU_400	1.6958	0.0	2.0125	2.4177	0.0	3.4131	2.5265	2.5228	1.5783	1.1102	2.2048	1.7795	0.0	1.6025	2.3025	1.6684	2.711	0.0	0.0	2.2529	2.573	3.0906	0.0	2.5553	0.0
OTU_259	2.454	2.8198	3.8735	2.9097	2.9386	2.7637	2.5265	2.0582	4.5753	1.1102	3.3256	4.6159	1.7151	3.4833	2.3025	2.4215	2.9882	2.6662	0.0	2.7333	2.573	3.3783	0.0	0.0	2.5097
OTU_195	2.9484	2.8198	3.337	2.4177	0.0	2.2813	0.0	1.3686	3.3129	0.0	2.6815	2.7392	1.7151	1.6025	1.9818	2.9138	1.2552	0.0	0.0	3.093	0.0	3.0906	0.0	0.0	2.5097
OTU_352	3.1438	2.0109	2.4731	2.4177	0.0	1.5511	2.0616	2.5228	3.161	3.1876	1.488	2.7392	1.7151	1.6025	3.1483	2.9138	2.3676	0.0	0.0	1.5277	0.0	2.2508	0.0	0.0	2.5097
OTU_279	2.7223	0.0	2.4731	3.2759	0.0	1.5511	2.5265	3.3914	3.161	0.0	0.0	2.0855	0.0	2.8298	2.7865	2.9138	1.9161	0.0	0.0	2.2529	0.0	0.0	0.0	0.0	2.5097
OTU_645	2.7223	0.0	2.0125	1.0606	0.0	2.2813	2.0616	3.3914	2.5766	1.7301	3.3256	1.3907	1.7151	0.0	2.7865	0.0	2.711	0.0	0.0	0.0	0.0	1.5259	2.6662	0.0	3.3771
OTU_149	3.9596	2.0109	2.8217	2.9097	3.8413	2.7637	2.8776	0.0	4.078	3.6539	1.488	1.3907	1.7151	3.4833	3.4373	2.4215	2.711	2.6662	3.6205	2.2529	0.0	1.5259	0.0	0.0	2.5097
OTU_322	3.4697	2.0109	2.8217	1.6652	0.0	2.7637	3.1597	2.0582	2.7987	1.1102	0.0	2.5524	2.4767	3.9314	2.3025	0.0	2.3676	0.0	0.0	1.5277	0.0	2.2508	0.0	2.5553	0.0
OTU_170	1.0839	2.8198	2.0125	1.0606	2.9386	6.0995	1.3714	2.8736	0.0	0.0	0.0	0.85681	0.0	1.6025	1.9818	1.6684	2.3676	0.0	0.0	1.5277	0.0	2.2508	0.0	0.0	0.0
OTU_245	1.6958	2.0109	2.8217	2.4177	2.9386	1.5511	3.3956	2.5228	2.3139	2.4944	2.6815	3.053	1.7151	3.4833	1.5688	1.6684	2.711	0.0	0.0	0.0	0.0	2.731	0.0	3.4271	0.0
OTU_284	1.6958	2.0109	2.4731	1.6652	0.0	3.1247	2.5265	2.5228	0.99498	3.781	0.0	0.0	0.0	2.3429	0.0	2.4215	1.9161	2.6662	0.0	0.0	0.0	2.731	0.0	0.0	2.5097
OTU_276	1.0839	3.335	3.5388	1.6652	0.0	0.0	0.0	0.0	1.9925	4.3715	1.488	0.85681	0.0	0.0	0.98789	1.6684	1.9161	0.0	0.0	0.0	0.0	3.0906	0.0	0.0	0.0
OTU_165	3.9596	2.8198	2.0125	3.4292	0.0	1.5511	2.5265	2.8736	2.5766	1.7301	3.3256	3.1875	3.8776	2.8298	2.3025	2.4215	2.9882	0.0	2.7333	3.093	0.0	2.2508	0.0	2.5553	0.0
OTU_151	2.454	3.335	4.145	3.9179	2.9386	2.2813	3.1597	3.5941	3.161	2.9914	2.2048	2.3378	2.9726	0.0	3.678	2.4215	3.4207	0.0	3.6205	0.0	3.4464	3.3783	0.0	2.5553	0.0
OTU_222	1.6958	0.0	1.332	2.6846	0.0	2.2813	3.5983	2.8736	3.798	0.0	0.0	1.7795	2.4767	1.6025	3.8842	4.2039	2.9882	2.6662	0.0	3.6205	0.0	2.731	2.6662	0.0	0.0
OTU_167	1.6958	0.0	2.4731	2.0899	2.9386	3.4131	3.7759	0.0	2.7987	3.781	1.488	2.5524	2.4767	2.8298	2.3025	2.9138	1.2552	0.0	0.0	1.5277	0.0	2.2508	0.0	0.0	0.0
OTU_264	1.6958	0.0	0.0	1.6652	0.0	4.0395	1.3714	2.0582	1.5783	1.7301	0.0	3.8863	0.0	0.0	1.5688	0.0	0.0	3.5478	2.7333	0.0	0.0	3.618	0.0	0.0	0.0
OTU_914	2.1242	0.0	2.0125	2.9097	2.9386	2.2813	0.0	3.7717	0.0	3.6539	0.0	0.85681	2.4767	0.0	1.5688	2.4215	2.711	0.0	2.7333	3.3808	0.0	0.0	2.6662	0.0	0.0
OTU_299	1.6958	0.0	2.4731	2.9097	0.0	0.0	3.3956	1.3686	1.5783	0.0	3.5644	2.5524	0.0	1.6025	1.5688	1.6684	1.2552	2.6662	0.0	2.7333	0.0	0.0	0.0	0.0	0.0
OTU_250	0.0	3.335	2.0125	2.6846	0.0	2.2813	1.3714	2.8736	1.9925	2.7642	2.6815	2.9046	1.7151	3.1932	3.3001	3.2802	3.5964	0.0	0.0	2.2529	2.573	1.5259	0.0	2.5553	0.0
OTU_243	2.7223	4.0136	2.4731	0.0	0.0	3.4131	0.0	2.8736	0.99498	3.6539	1.488	0.0	1.7151	2.3429	2.3025	2.9138	2.711	2.6662	0.0	1.5277	0.0	2.731	0.0	0.0	3.3771
OTU_394	1.6958	0.0	3.1022	1.6652	0.0	0.0	1.3714	3.3914	2.5766	1.1102	2.2048	2.0855	2.9726	1.6025	2.5647	2.4215	1.9161	0.0	0.0	1.5277	0.0	0.0	2.6662	0.0	0.0